373 501
96 32 32
                                                                                                                                                                                       
2 1 0 96 128 XOR
2 1 0 96 129 AND
2 1 1 129 130 XOR
2 1 97 129 131 XOR
2 1 1 131 132 XOR
2 1 130 131 133 AND
2 1 129 133 134 XOR
2 1 2 134 135 XOR
2 1 98 134 136 XOR
2 1 2 136 137 XOR
2 1 135 136 138 AND
2 1 134 138 139 XOR
2 1 3 139 140 XOR
2 1 99 139 141 XOR
2 1 3 141 142 XOR
2 1 140 141 143 AND
2 1 139 143 144 XOR
2 1 4 144 145 XOR
2 1 100 144 146 XOR
2 1 4 146 147 XOR
2 1 145 146 148 AND
2 1 144 148 149 XOR
2 1 5 149 150 XOR
2 1 101 149 151 XOR
2 1 5 151 152 XOR
2 1 150 151 153 AND
2 1 149 153 154 XOR
2 1 6 154 155 XOR
2 1 102 154 156 XOR
2 1 6 156 157 XOR
2 1 155 156 158 AND
2 1 154 158 159 XOR
2 1 7 159 160 XOR
2 1 103 159 161 XOR
2 1 7 161 162 XOR
2 1 160 161 163 AND
2 1 159 163 164 XOR
2 1 8 164 165 XOR
2 1 104 164 166 XOR
2 1 8 166 167 XOR
2 1 165 166 168 AND
2 1 164 168 169 XOR
2 1 9 169 170 XOR
2 1 105 169 171 XOR
2 1 9 171 172 XOR
2 1 170 171 173 AND
2 1 169 173 174 XOR
2 1 10 174 175 XOR
2 1 106 174 176 XOR
2 1 10 176 177 XOR
2 1 175 176 178 AND
2 1 174 178 179 XOR
2 1 11 179 180 XOR
2 1 107 179 181 XOR
2 1 11 181 182 XOR
2 1 180 181 183 AND
2 1 179 183 184 XOR
2 1 12 184 185 XOR
2 1 108 184 186 XOR
2 1 12 186 187 XOR
2 1 185 186 188 AND
2 1 184 188 189 XOR
2 1 13 189 190 XOR
2 1 109 189 191 XOR
2 1 13 191 192 XOR
2 1 190 191 193 AND
2 1 189 193 194 XOR
2 1 14 194 195 XOR
2 1 110 194 196 XOR
2 1 14 196 197 XOR
2 1 195 196 198 AND
2 1 194 198 199 XOR
2 1 15 199 200 XOR
2 1 111 199 201 XOR
2 1 15 201 202 XOR
2 1 200 201 203 AND
2 1 199 203 204 XOR
2 1 16 204 205 XOR
2 1 112 204 206 XOR
2 1 16 206 207 XOR
2 1 205 206 208 AND
2 1 204 208 209 XOR
2 1 17 209 210 XOR
2 1 113 209 211 XOR
2 1 17 211 212 XOR
2 1 210 211 213 AND
2 1 209 213 214 XOR
2 1 18 214 215 XOR
2 1 114 214 216 XOR
2 1 18 216 217 XOR
2 1 215 216 218 AND
2 1 214 218 219 XOR
2 1 19 219 220 XOR
2 1 115 219 221 XOR
2 1 19 221 222 XOR
2 1 220 221 223 AND
2 1 219 223 224 XOR
2 1 20 224 225 XOR
2 1 116 224 226 XOR
2 1 20 226 227 XOR
2 1 225 226 228 AND
2 1 224 228 229 XOR
2 1 21 229 230 XOR
2 1 117 229 231 XOR
2 1 21 231 232 XOR
2 1 230 231 233 AND
2 1 229 233 234 XOR
2 1 22 234 235 XOR
2 1 118 234 236 XOR
2 1 22 236 237 XOR
2 1 235 236 238 AND
2 1 234 238 239 XOR
2 1 23 239 240 XOR
2 1 119 239 241 XOR
2 1 23 241 242 XOR
2 1 240 241 243 AND
2 1 239 243 244 XOR
2 1 24 244 245 XOR
2 1 120 244 246 XOR
2 1 24 246 247 XOR
2 1 245 246 248 AND
2 1 244 248 249 XOR
2 1 25 249 250 XOR
2 1 121 249 251 XOR
2 1 25 251 252 XOR
2 1 250 251 253 AND
2 1 249 253 254 XOR
2 1 26 254 255 XOR
2 1 122 254 256 XOR
2 1 26 256 257 XOR
2 1 255 256 258 AND
2 1 254 258 259 XOR
2 1 27 259 260 XOR
2 1 123 259 261 XOR
2 1 27 261 262 XOR
2 1 260 261 263 AND
2 1 259 263 264 XOR
2 1 28 264 265 XOR
2 1 124 264 266 XOR
2 1 28 266 267 XOR
2 1 265 266 268 AND
2 1 264 268 269 XOR
2 1 29 269 270 XOR
2 1 125 269 271 XOR
2 1 29 271 272 XOR
2 1 270 271 273 AND
2 1 269 273 274 XOR
2 1 30 274 275 XOR
2 1 126 274 276 XOR
2 1 30 276 277 XOR
2 1 275 276 278 AND
2 1 274 278 279 XOR
2 1 279 127 280 XOR
2 1 280 31 281 XOR
2 1 32 128 282 AND
2 1 33 132 283 AND
2 1 34 137 284 AND
2 1 35 142 285 AND
2 1 36 147 286 AND
2 1 37 152 287 AND
2 1 38 157 288 AND
2 1 39 162 289 AND
2 1 40 167 290 AND
2 1 41 172 291 AND
2 1 42 177 292 AND
2 1 43 182 293 AND
2 1 44 187 294 AND
2 1 45 192 295 AND
2 1 46 197 296 AND
2 1 47 202 297 AND
2 1 48 207 298 AND
2 1 49 212 299 AND
2 1 50 217 300 AND
2 1 51 222 301 AND
2 1 52 227 302 AND
2 1 53 232 303 AND
2 1 54 237 304 AND
2 1 55 242 305 AND
2 1 56 247 306 AND
2 1 57 252 307 AND
2 1 58 257 308 AND
2 1 59 262 309 AND
2 1 60 267 310 AND
2 1 61 272 311 AND
2 1 62 277 312 AND
2 1 63 281 313 AND
2 1 282 64 314 XOR
2 1 314 64 315 AND
2 1 283 65 316 XOR
2 1 315 65 317 XOR
2 1 316 315 318 XOR
2 1 316 317 319 AND
2 1 315 319 320 XOR
2 1 284 66 321 XOR
2 1 320 66 322 XOR
2 1 321 320 323 XOR
2 1 321 322 324 AND
2 1 320 324 325 XOR
2 1 285 67 326 XOR
2 1 325 67 327 XOR
2 1 326 325 328 XOR
2 1 326 327 329 AND
2 1 325 329 330 XOR
2 1 286 68 331 XOR
2 1 330 68 332 XOR
2 1 331 330 333 XOR
2 1 331 332 334 AND
2 1 330 334 335 XOR
2 1 287 69 336 XOR
2 1 335 69 337 XOR
2 1 336 335 338 XOR
2 1 336 337 339 AND
2 1 335 339 340 XOR
2 1 288 70 341 XOR
2 1 340 70 342 XOR
2 1 341 340 343 XOR
2 1 341 342 344 AND
2 1 340 344 345 XOR
2 1 289 71 346 XOR
2 1 345 71 347 XOR
2 1 346 345 348 XOR
2 1 346 347 349 AND
2 1 345 349 350 XOR
2 1 290 72 351 XOR
2 1 350 72 352 XOR
2 1 351 350 353 XOR
2 1 351 352 354 AND
2 1 350 354 355 XOR
2 1 291 73 356 XOR
2 1 355 73 357 XOR
2 1 356 355 358 XOR
2 1 356 357 359 AND
2 1 355 359 360 XOR
2 1 292 74 361 XOR
2 1 360 74 362 XOR
2 1 361 360 363 XOR
2 1 361 362 364 AND
2 1 360 364 365 XOR
2 1 293 75 366 XOR
2 1 365 75 367 XOR
2 1 366 365 368 XOR
2 1 366 367 369 AND
2 1 365 369 370 XOR
2 1 294 76 371 XOR
2 1 370 76 372 XOR
2 1 371 370 373 XOR
2 1 371 372 374 AND
2 1 370 374 375 XOR
2 1 295 77 376 XOR
2 1 375 77 377 XOR
2 1 376 375 378 XOR
2 1 376 377 379 AND
2 1 375 379 380 XOR
2 1 296 78 381 XOR
2 1 380 78 382 XOR
2 1 381 380 383 XOR
2 1 381 382 384 AND
2 1 380 384 385 XOR
2 1 297 79 386 XOR
2 1 385 79 387 XOR
2 1 386 385 388 XOR
2 1 386 387 389 AND
2 1 385 389 390 XOR
2 1 298 80 391 XOR
2 1 390 80 392 XOR
2 1 391 390 393 XOR
2 1 391 392 394 AND
2 1 390 394 395 XOR
2 1 299 81 396 XOR
2 1 395 81 397 XOR
2 1 396 395 398 XOR
2 1 396 397 399 AND
2 1 395 399 400 XOR
2 1 300 82 401 XOR
2 1 400 82 402 XOR
2 1 401 400 403 XOR
2 1 401 402 404 AND
2 1 400 404 405 XOR
2 1 301 83 406 XOR
2 1 405 83 407 XOR
2 1 406 405 408 XOR
2 1 406 407 409 AND
2 1 405 409 410 XOR
2 1 302 84 411 XOR
2 1 410 84 412 XOR
2 1 411 410 413 XOR
2 1 411 412 414 AND
2 1 410 414 415 XOR
2 1 303 85 416 XOR
2 1 415 85 417 XOR
2 1 416 415 418 XOR
2 1 416 417 419 AND
2 1 415 419 420 XOR
2 1 304 86 421 XOR
2 1 420 86 422 XOR
2 1 421 420 423 XOR
2 1 421 422 424 AND
2 1 420 424 425 XOR
2 1 305 87 426 XOR
2 1 425 87 427 XOR
2 1 426 425 428 XOR
2 1 426 427 429 AND
2 1 425 429 430 XOR
2 1 306 88 431 XOR
2 1 430 88 432 XOR
2 1 431 430 433 XOR
2 1 431 432 434 AND
2 1 430 434 435 XOR
2 1 307 89 436 XOR
2 1 435 89 437 XOR
2 1 436 435 438 XOR
2 1 436 437 439 AND
2 1 435 439 440 XOR
2 1 308 90 441 XOR
2 1 440 90 442 XOR
2 1 441 440 443 XOR
2 1 441 442 444 AND
2 1 440 444 445 XOR
2 1 309 91 446 XOR
2 1 445 91 447 XOR
2 1 446 445 448 XOR
2 1 446 447 449 AND
2 1 445 449 450 XOR
2 1 310 92 451 XOR
2 1 450 92 452 XOR
2 1 451 450 453 XOR
2 1 451 452 454 AND
2 1 450 454 455 XOR
2 1 311 93 456 XOR
2 1 455 93 457 XOR
2 1 456 455 458 XOR
2 1 456 457 459 AND
2 1 455 459 460 XOR
2 1 312 94 461 XOR
2 1 460 94 462 XOR
2 1 461 460 463 XOR
2 1 461 462 464 AND
2 1 460 464 465 XOR
2 1 313 95 466 XOR
2 1 466 465 467 XOR
2 1 0 0 468 XOR
2 1 468 314 469 XOR
2 1 468 318 470 XOR
2 1 468 323 471 XOR
2 1 468 328 472 XOR
2 1 468 333 473 XOR
2 1 468 338 474 XOR
2 1 468 343 475 XOR
2 1 468 348 476 XOR
2 1 468 353 477 XOR
2 1 468 358 478 XOR
2 1 468 363 479 XOR
2 1 468 368 480 XOR
2 1 468 373 481 XOR
2 1 468 378 482 XOR
2 1 468 383 483 XOR
2 1 468 388 484 XOR
2 1 468 393 485 XOR
2 1 468 398 486 XOR
2 1 468 403 487 XOR
2 1 468 408 488 XOR
2 1 468 413 489 XOR
2 1 468 418 490 XOR
2 1 468 423 491 XOR
2 1 468 428 492 XOR
2 1 468 433 493 XOR
2 1 468 438 494 XOR
2 1 468 443 495 XOR
2 1 468 448 496 XOR
2 1 468 453 497 XOR
2 1 468 458 498 XOR
2 1 468 463 499 XOR
2 1 468 467 500 XOR
