495 591
64 32 32
                                                                                                                                                                                       
2 1 0 64 96 XOR
2 1 0 64 97 AND
2 1 1 97 98 XOR
2 1 65 97 99 XOR
2 1 1 99 100 XOR
2 1 98 99 101 AND
2 1 97 101 102 XOR
2 1 2 102 103 XOR
2 1 66 102 104 XOR
2 1 2 104 105 XOR
2 1 103 104 106 AND
2 1 102 106 107 XOR
2 1 3 107 108 XOR
2 1 67 107 109 XOR
2 1 3 109 110 XOR
2 1 108 109 111 AND
2 1 107 111 112 XOR
2 1 4 112 113 XOR
2 1 68 112 114 XOR
2 1 4 114 115 XOR
2 1 113 114 116 AND
2 1 112 116 117 XOR
2 1 5 117 118 XOR
2 1 69 117 119 XOR
2 1 5 119 120 XOR
2 1 118 119 121 AND
2 1 117 121 122 XOR
2 1 6 122 123 XOR
2 1 70 122 124 XOR
2 1 6 124 125 XOR
2 1 123 124 126 AND
2 1 122 126 127 XOR
2 1 7 127 128 XOR
2 1 71 127 129 XOR
2 1 7 129 130 XOR
2 1 128 129 131 AND
2 1 127 131 132 XOR
2 1 8 132 133 XOR
2 1 72 132 134 XOR
2 1 8 134 135 XOR
2 1 133 134 136 AND
2 1 132 136 137 XOR
2 1 9 137 138 XOR
2 1 73 137 139 XOR
2 1 9 139 140 XOR
2 1 138 139 141 AND
2 1 137 141 142 XOR
2 1 10 142 143 XOR
2 1 74 142 144 XOR
2 1 10 144 145 XOR
2 1 143 144 146 AND
2 1 142 146 147 XOR
2 1 11 147 148 XOR
2 1 75 147 149 XOR
2 1 11 149 150 XOR
2 1 148 149 151 AND
2 1 147 151 152 XOR
2 1 12 152 153 XOR
2 1 76 152 154 XOR
2 1 12 154 155 XOR
2 1 153 154 156 AND
2 1 152 156 157 XOR
2 1 13 157 158 XOR
2 1 77 157 159 XOR
2 1 13 159 160 XOR
2 1 158 159 161 AND
2 1 157 161 162 XOR
2 1 14 162 163 XOR
2 1 78 162 164 XOR
2 1 14 164 165 XOR
2 1 163 164 166 AND
2 1 162 166 167 XOR
2 1 15 167 168 XOR
2 1 79 167 169 XOR
2 1 15 169 170 XOR
2 1 168 169 171 AND
2 1 167 171 172 XOR
2 1 16 172 173 XOR
2 1 80 172 174 XOR
2 1 16 174 175 XOR
2 1 173 174 176 AND
2 1 172 176 177 XOR
2 1 17 177 178 XOR
2 1 81 177 179 XOR
2 1 17 179 180 XOR
2 1 178 179 181 AND
2 1 177 181 182 XOR
2 1 18 182 183 XOR
2 1 82 182 184 XOR
2 1 18 184 185 XOR
2 1 183 184 186 AND
2 1 182 186 187 XOR
2 1 19 187 188 XOR
2 1 83 187 189 XOR
2 1 19 189 190 XOR
2 1 188 189 191 AND
2 1 187 191 192 XOR
2 1 20 192 193 XOR
2 1 84 192 194 XOR
2 1 20 194 195 XOR
2 1 193 194 196 AND
2 1 192 196 197 XOR
2 1 21 197 198 XOR
2 1 85 197 199 XOR
2 1 21 199 200 XOR
2 1 198 199 201 AND
2 1 197 201 202 XOR
2 1 22 202 203 XOR
2 1 86 202 204 XOR
2 1 22 204 205 XOR
2 1 203 204 206 AND
2 1 202 206 207 XOR
2 1 23 207 208 XOR
2 1 87 207 209 XOR
2 1 23 209 210 XOR
2 1 208 209 211 AND
2 1 207 211 212 XOR
2 1 24 212 213 XOR
2 1 88 212 214 XOR
2 1 24 214 215 XOR
2 1 213 214 216 AND
2 1 212 216 217 XOR
2 1 25 217 218 XOR
2 1 89 217 219 XOR
2 1 25 219 220 XOR
2 1 218 219 221 AND
2 1 217 221 222 XOR
2 1 26 222 223 XOR
2 1 90 222 224 XOR
2 1 26 224 225 XOR
2 1 223 224 226 AND
2 1 222 226 227 XOR
2 1 27 227 228 XOR
2 1 91 227 229 XOR
2 1 27 229 230 XOR
2 1 228 229 231 AND
2 1 227 231 232 XOR
2 1 28 232 233 XOR
2 1 92 232 234 XOR
2 1 28 234 235 XOR
2 1 233 234 236 AND
2 1 232 236 237 XOR
2 1 29 237 238 XOR
2 1 93 237 239 XOR
2 1 29 239 240 XOR
2 1 238 239 241 AND
2 1 237 241 242 XOR
2 1 30 242 243 XOR
2 1 94 242 244 XOR
2 1 30 244 245 XOR
2 1 243 244 246 AND
2 1 242 246 247 XOR
2 1 247 95 248 XOR
2 1 248 31 249 XOR
1 1 249 250 INV
1 1 249 251 INV
1 1 249 252 INV
2 1 251 249 253 AND
2 1 249 253 254 XOR
1 1 254 255 INV
1 1 254 256 INV
2 1 255 254 257 AND
2 1 254 257 258 XOR
1 1 258 259 INV
1 1 258 260 INV
2 1 259 258 261 AND
2 1 258 261 262 XOR
1 1 262 263 INV
1 1 262 264 INV
2 1 263 262 265 AND
2 1 262 265 266 XOR
1 1 266 267 INV
1 1 266 268 INV
2 1 267 266 269 AND
2 1 266 269 270 XOR
1 1 270 271 INV
1 1 270 272 INV
2 1 271 270 273 AND
2 1 270 273 274 XOR
1 1 274 275 INV
1 1 274 276 INV
2 1 275 274 277 AND
2 1 274 277 278 XOR
1 1 278 279 INV
1 1 278 280 INV
2 1 279 278 281 AND
2 1 278 281 282 XOR
1 1 282 283 INV
1 1 282 284 INV
2 1 283 282 285 AND
2 1 282 285 286 XOR
1 1 286 287 INV
1 1 286 288 INV
2 1 287 286 289 AND
2 1 286 289 290 XOR
1 1 290 291 INV
1 1 290 292 INV
2 1 291 290 293 AND
2 1 290 293 294 XOR
1 1 294 295 INV
1 1 294 296 INV
2 1 295 294 297 AND
2 1 294 297 298 XOR
1 1 298 299 INV
1 1 298 300 INV
2 1 299 298 301 AND
2 1 298 301 302 XOR
1 1 302 303 INV
1 1 302 304 INV
2 1 303 302 305 AND
2 1 302 305 306 XOR
1 1 306 307 INV
1 1 306 308 INV
2 1 307 306 309 AND
2 1 306 309 310 XOR
1 1 310 311 INV
1 1 310 312 INV
2 1 311 310 313 AND
2 1 310 313 314 XOR
1 1 314 315 INV
1 1 314 316 INV
2 1 315 314 317 AND
2 1 314 317 318 XOR
1 1 318 319 INV
1 1 318 320 INV
2 1 319 318 321 AND
2 1 318 321 322 XOR
1 1 322 323 INV
1 1 322 324 INV
2 1 323 322 325 AND
2 1 322 325 326 XOR
1 1 326 327 INV
1 1 326 328 INV
2 1 327 326 329 AND
2 1 326 329 330 XOR
1 1 330 331 INV
1 1 330 332 INV
2 1 331 330 333 AND
2 1 330 333 334 XOR
1 1 334 335 INV
1 1 334 336 INV
2 1 335 334 337 AND
2 1 334 337 338 XOR
1 1 338 339 INV
1 1 338 340 INV
2 1 339 338 341 AND
2 1 338 341 342 XOR
1 1 342 343 INV
1 1 342 344 INV
2 1 343 342 345 AND
2 1 342 345 346 XOR
1 1 346 347 INV
1 1 346 348 INV
2 1 347 346 349 AND
2 1 346 349 350 XOR
1 1 350 351 INV
1 1 350 352 INV
2 1 351 350 353 AND
2 1 350 353 354 XOR
1 1 354 355 INV
1 1 354 356 INV
2 1 355 354 357 AND
2 1 354 357 358 XOR
1 1 358 359 INV
1 1 358 360 INV
2 1 359 358 361 AND
2 1 358 361 362 XOR
1 1 362 363 INV
1 1 362 364 INV
2 1 363 362 365 AND
2 1 362 365 366 XOR
1 1 366 367 INV
1 1 366 368 INV
2 1 367 366 369 AND
2 1 366 369 370 XOR
1 1 370 371 INV
2 1 250 96 372 AND
2 1 252 100 373 AND
2 1 256 105 374 AND
2 1 260 110 375 AND
2 1 264 115 376 AND
2 1 268 120 377 AND
2 1 272 125 378 AND
2 1 276 130 379 AND
2 1 280 135 380 AND
2 1 284 140 381 AND
2 1 288 145 382 AND
2 1 292 150 383 AND
2 1 296 155 384 AND
2 1 300 160 385 AND
2 1 304 165 386 AND
2 1 308 170 387 AND
2 1 312 175 388 AND
2 1 316 180 389 AND
2 1 320 185 390 AND
2 1 324 190 391 AND
2 1 328 195 392 AND
2 1 332 200 393 AND
2 1 336 205 394 AND
2 1 340 210 395 AND
2 1 344 215 396 AND
2 1 348 220 397 AND
2 1 352 225 398 AND
2 1 356 230 399 AND
2 1 360 235 400 AND
2 1 364 240 401 AND
2 1 368 245 402 AND
2 1 371 249 403 AND
2 1 372 32 404 XOR
2 1 404 32 405 AND
2 1 373 33 406 XOR
2 1 405 33 407 XOR
2 1 406 405 408 XOR
2 1 406 407 409 AND
2 1 405 409 410 XOR
2 1 374 34 411 XOR
2 1 410 34 412 XOR
2 1 411 410 413 XOR
2 1 411 412 414 AND
2 1 410 414 415 XOR
2 1 375 35 416 XOR
2 1 415 35 417 XOR
2 1 416 415 418 XOR
2 1 416 417 419 AND
2 1 415 419 420 XOR
2 1 376 36 421 XOR
2 1 420 36 422 XOR
2 1 421 420 423 XOR
2 1 421 422 424 AND
2 1 420 424 425 XOR
2 1 377 37 426 XOR
2 1 425 37 427 XOR
2 1 426 425 428 XOR
2 1 426 427 429 AND
2 1 425 429 430 XOR
2 1 378 38 431 XOR
2 1 430 38 432 XOR
2 1 431 430 433 XOR
2 1 431 432 434 AND
2 1 430 434 435 XOR
2 1 379 39 436 XOR
2 1 435 39 437 XOR
2 1 436 435 438 XOR
2 1 436 437 439 AND
2 1 435 439 440 XOR
2 1 380 40 441 XOR
2 1 440 40 442 XOR
2 1 441 440 443 XOR
2 1 441 442 444 AND
2 1 440 444 445 XOR
2 1 381 41 446 XOR
2 1 445 41 447 XOR
2 1 446 445 448 XOR
2 1 446 447 449 AND
2 1 445 449 450 XOR
2 1 382 42 451 XOR
2 1 450 42 452 XOR
2 1 451 450 453 XOR
2 1 451 452 454 AND
2 1 450 454 455 XOR
2 1 383 43 456 XOR
2 1 455 43 457 XOR
2 1 456 455 458 XOR
2 1 456 457 459 AND
2 1 455 459 460 XOR
2 1 384 44 461 XOR
2 1 460 44 462 XOR
2 1 461 460 463 XOR
2 1 461 462 464 AND
2 1 460 464 465 XOR
2 1 385 45 466 XOR
2 1 465 45 467 XOR
2 1 466 465 468 XOR
2 1 466 467 469 AND
2 1 465 469 470 XOR
2 1 386 46 471 XOR
2 1 470 46 472 XOR
2 1 471 470 473 XOR
2 1 471 472 474 AND
2 1 470 474 475 XOR
2 1 387 47 476 XOR
2 1 475 47 477 XOR
2 1 476 475 478 XOR
2 1 476 477 479 AND
2 1 475 479 480 XOR
2 1 388 48 481 XOR
2 1 480 48 482 XOR
2 1 481 480 483 XOR
2 1 481 482 484 AND
2 1 480 484 485 XOR
2 1 389 49 486 XOR
2 1 485 49 487 XOR
2 1 486 485 488 XOR
2 1 486 487 489 AND
2 1 485 489 490 XOR
2 1 390 50 491 XOR
2 1 490 50 492 XOR
2 1 491 490 493 XOR
2 1 491 492 494 AND
2 1 490 494 495 XOR
2 1 391 51 496 XOR
2 1 495 51 497 XOR
2 1 496 495 498 XOR
2 1 496 497 499 AND
2 1 495 499 500 XOR
2 1 392 52 501 XOR
2 1 500 52 502 XOR
2 1 501 500 503 XOR
2 1 501 502 504 AND
2 1 500 504 505 XOR
2 1 393 53 506 XOR
2 1 505 53 507 XOR
2 1 506 505 508 XOR
2 1 506 507 509 AND
2 1 505 509 510 XOR
2 1 394 54 511 XOR
2 1 510 54 512 XOR
2 1 511 510 513 XOR
2 1 511 512 514 AND
2 1 510 514 515 XOR
2 1 395 55 516 XOR
2 1 515 55 517 XOR
2 1 516 515 518 XOR
2 1 516 517 519 AND
2 1 515 519 520 XOR
2 1 396 56 521 XOR
2 1 520 56 522 XOR
2 1 521 520 523 XOR
2 1 521 522 524 AND
2 1 520 524 525 XOR
2 1 397 57 526 XOR
2 1 525 57 527 XOR
2 1 526 525 528 XOR
2 1 526 527 529 AND
2 1 525 529 530 XOR
2 1 398 58 531 XOR
2 1 530 58 532 XOR
2 1 531 530 533 XOR
2 1 531 532 534 AND
2 1 530 534 535 XOR
2 1 399 59 536 XOR
2 1 535 59 537 XOR
2 1 536 535 538 XOR
2 1 536 537 539 AND
2 1 535 539 540 XOR
2 1 400 60 541 XOR
2 1 540 60 542 XOR
2 1 541 540 543 XOR
2 1 541 542 544 AND
2 1 540 544 545 XOR
2 1 401 61 546 XOR
2 1 545 61 547 XOR
2 1 546 545 548 XOR
2 1 546 547 549 AND
2 1 545 549 550 XOR
2 1 402 62 551 XOR
2 1 550 62 552 XOR
2 1 551 550 553 XOR
2 1 551 552 554 AND
2 1 550 554 555 XOR
2 1 403 63 556 XOR
2 1 556 555 557 XOR
2 1 0 0 558 XOR
2 1 558 404 559 XOR
2 1 558 408 560 XOR
2 1 558 413 561 XOR
2 1 558 418 562 XOR
2 1 558 423 563 XOR
2 1 558 428 564 XOR
2 1 558 433 565 XOR
2 1 558 438 566 XOR
2 1 558 443 567 XOR
2 1 558 448 568 XOR
2 1 558 453 569 XOR
2 1 558 458 570 XOR
2 1 558 463 571 XOR
2 1 558 468 572 XOR
2 1 558 473 573 XOR
2 1 558 478 574 XOR
2 1 558 483 575 XOR
2 1 558 488 576 XOR
2 1 558 493 577 XOR
2 1 558 498 578 XOR
2 1 558 503 579 XOR
2 1 558 508 580 XOR
2 1 558 513 581 XOR
2 1 558 518 582 XOR
2 1 558 523 583 XOR
2 1 558 528 584 XOR
2 1 558 533 585 XOR
2 1 558 538 586 XOR
2 1 558 543 587 XOR
2 1 558 548 588 XOR
2 1 558 553 589 XOR
2 1 558 557 590 XOR
