3167 3263
64 32 32
                                                                                                                                                                                     
2 1 0 64 96 XOR
2 1 0 64 97 AND
2 1 1 97 98 XOR
2 1 65 97 99 XOR
2 1 1 99 100 XOR
2 1 98 99 101 AND
2 1 97 101 102 XOR
2 1 2 102 103 XOR
2 1 66 102 104 XOR
2 1 2 104 105 XOR
2 1 103 104 106 AND
2 1 102 106 107 XOR
2 1 3 107 108 XOR
2 1 67 107 109 XOR
2 1 3 109 110 XOR
2 1 108 109 111 AND
2 1 107 111 112 XOR
2 1 4 112 113 XOR
2 1 68 112 114 XOR
2 1 4 114 115 XOR
2 1 113 114 116 AND
2 1 112 116 117 XOR
2 1 5 117 118 XOR
2 1 69 117 119 XOR
2 1 5 119 120 XOR
2 1 118 119 121 AND
2 1 117 121 122 XOR
2 1 6 122 123 XOR
2 1 70 122 124 XOR
2 1 6 124 125 XOR
2 1 123 124 126 AND
2 1 122 126 127 XOR
2 1 7 127 128 XOR
2 1 71 127 129 XOR
2 1 7 129 130 XOR
2 1 128 129 131 AND
2 1 127 131 132 XOR
2 1 8 132 133 XOR
2 1 72 132 134 XOR
2 1 8 134 135 XOR
2 1 133 134 136 AND
2 1 132 136 137 XOR
2 1 9 137 138 XOR
2 1 73 137 139 XOR
2 1 9 139 140 XOR
2 1 138 139 141 AND
2 1 137 141 142 XOR
2 1 10 142 143 XOR
2 1 74 142 144 XOR
2 1 10 144 145 XOR
2 1 143 144 146 AND
2 1 142 146 147 XOR
2 1 11 147 148 XOR
2 1 75 147 149 XOR
2 1 11 149 150 XOR
2 1 148 149 151 AND
2 1 147 151 152 XOR
2 1 12 152 153 XOR
2 1 76 152 154 XOR
2 1 12 154 155 XOR
2 1 153 154 156 AND
2 1 152 156 157 XOR
2 1 13 157 158 XOR
2 1 77 157 159 XOR
2 1 13 159 160 XOR
2 1 158 159 161 AND
2 1 157 161 162 XOR
2 1 14 162 163 XOR
2 1 78 162 164 XOR
2 1 14 164 165 XOR
2 1 163 164 166 AND
2 1 162 166 167 XOR
2 1 15 167 168 XOR
2 1 79 167 169 XOR
2 1 15 169 170 XOR
2 1 168 169 171 AND
2 1 167 171 172 XOR
2 1 16 172 173 XOR
2 1 80 172 174 XOR
2 1 16 174 175 XOR
2 1 173 174 176 AND
2 1 172 176 177 XOR
2 1 17 177 178 XOR
2 1 81 177 179 XOR
2 1 17 179 180 XOR
2 1 178 179 181 AND
2 1 177 181 182 XOR
2 1 18 182 183 XOR
2 1 82 182 184 XOR
2 1 18 184 185 XOR
2 1 183 184 186 AND
2 1 182 186 187 XOR
2 1 19 187 188 XOR
2 1 83 187 189 XOR
2 1 19 189 190 XOR
2 1 188 189 191 AND
2 1 187 191 192 XOR
2 1 20 192 193 XOR
2 1 84 192 194 XOR
2 1 20 194 195 XOR
2 1 193 194 196 AND
2 1 192 196 197 XOR
2 1 21 197 198 XOR
2 1 85 197 199 XOR
2 1 21 199 200 XOR
2 1 198 199 201 AND
2 1 197 201 202 XOR
2 1 22 202 203 XOR
2 1 86 202 204 XOR
2 1 22 204 205 XOR
2 1 203 204 206 AND
2 1 202 206 207 XOR
2 1 23 207 208 XOR
2 1 87 207 209 XOR
2 1 23 209 210 XOR
2 1 208 209 211 AND
2 1 207 211 212 XOR
2 1 24 212 213 XOR
2 1 88 212 214 XOR
2 1 24 214 215 XOR
2 1 213 214 216 AND
2 1 212 216 217 XOR
2 1 25 217 218 XOR
2 1 89 217 219 XOR
2 1 25 219 220 XOR
2 1 218 219 221 AND
2 1 217 221 222 XOR
2 1 26 222 223 XOR
2 1 90 222 224 XOR
2 1 26 224 225 XOR
2 1 223 224 226 AND
2 1 222 226 227 XOR
2 1 27 227 228 XOR
2 1 91 227 229 XOR
2 1 27 229 230 XOR
2 1 228 229 231 AND
2 1 227 231 232 XOR
2 1 28 232 233 XOR
2 1 92 232 234 XOR
2 1 28 234 235 XOR
2 1 233 234 236 AND
2 1 232 236 237 XOR
2 1 29 237 238 XOR
2 1 93 237 239 XOR
2 1 29 239 240 XOR
2 1 238 239 241 AND
2 1 237 241 242 XOR
2 1 30 242 243 XOR
2 1 94 242 244 XOR
2 1 30 244 245 XOR
2 1 243 244 246 AND
2 1 242 246 247 XOR
2 1 247 95 248 XOR
2 1 248 31 249 XOR
1 1 249 250 INV
2 1 250 249 251 AND
2 1 250 96 252 AND
2 1 251 96 253 AND
2 1 251 96 254 AND
2 1 251 96 255 AND
2 1 251 96 256 AND
2 1 251 96 257 AND
2 1 251 96 258 AND
2 1 251 96 259 AND
2 1 251 96 260 AND
2 1 251 96 261 AND
2 1 251 96 262 AND
2 1 251 96 263 AND
2 1 251 96 264 AND
2 1 251 96 265 AND
2 1 251 96 266 AND
2 1 251 96 267 AND
2 1 251 96 268 AND
2 1 251 96 269 AND
2 1 251 96 270 AND
2 1 251 96 271 AND
2 1 251 96 272 AND
2 1 251 96 273 AND
2 1 251 96 274 AND
2 1 251 96 275 AND
2 1 251 96 276 AND
2 1 251 96 277 AND
2 1 251 96 278 AND
2 1 251 96 279 AND
2 1 251 96 280 AND
2 1 251 96 281 AND
2 1 251 96 282 AND
2 1 251 96 283 AND
2 1 250 100 284 AND
2 1 251 100 285 AND
2 1 251 100 286 AND
2 1 251 100 287 AND
2 1 251 100 288 AND
2 1 251 100 289 AND
2 1 251 100 290 AND
2 1 251 100 291 AND
2 1 251 100 292 AND
2 1 251 100 293 AND
2 1 251 100 294 AND
2 1 251 100 295 AND
2 1 251 100 296 AND
2 1 251 100 297 AND
2 1 251 100 298 AND
2 1 251 100 299 AND
2 1 251 100 300 AND
2 1 251 100 301 AND
2 1 251 100 302 AND
2 1 251 100 303 AND
2 1 251 100 304 AND
2 1 251 100 305 AND
2 1 251 100 306 AND
2 1 251 100 307 AND
2 1 251 100 308 AND
2 1 251 100 309 AND
2 1 251 100 310 AND
2 1 251 100 311 AND
2 1 251 100 312 AND
2 1 251 100 313 AND
2 1 251 100 314 AND
2 1 253 284 315 XOR
2 1 253 284 316 AND
2 1 254 316 317 XOR
2 1 285 316 318 XOR
2 1 254 318 319 XOR
2 1 317 318 320 AND
2 1 316 320 321 XOR
2 1 255 321 322 XOR
2 1 286 321 323 XOR
2 1 255 323 324 XOR
2 1 322 323 325 AND
2 1 321 325 326 XOR
2 1 256 326 327 XOR
2 1 287 326 328 XOR
2 1 256 328 329 XOR
2 1 327 328 330 AND
2 1 326 330 331 XOR
2 1 257 331 332 XOR
2 1 288 331 333 XOR
2 1 257 333 334 XOR
2 1 332 333 335 AND
2 1 331 335 336 XOR
2 1 258 336 337 XOR
2 1 289 336 338 XOR
2 1 258 338 339 XOR
2 1 337 338 340 AND
2 1 336 340 341 XOR
2 1 259 341 342 XOR
2 1 290 341 343 XOR
2 1 259 343 344 XOR
2 1 342 343 345 AND
2 1 341 345 346 XOR
2 1 260 346 347 XOR
2 1 291 346 348 XOR
2 1 260 348 349 XOR
2 1 347 348 350 AND
2 1 346 350 351 XOR
2 1 261 351 352 XOR
2 1 292 351 353 XOR
2 1 261 353 354 XOR
2 1 352 353 355 AND
2 1 351 355 356 XOR
2 1 262 356 357 XOR
2 1 293 356 358 XOR
2 1 262 358 359 XOR
2 1 357 358 360 AND
2 1 356 360 361 XOR
2 1 263 361 362 XOR
2 1 294 361 363 XOR
2 1 263 363 364 XOR
2 1 362 363 365 AND
2 1 361 365 366 XOR
2 1 264 366 367 XOR
2 1 295 366 368 XOR
2 1 264 368 369 XOR
2 1 367 368 370 AND
2 1 366 370 371 XOR
2 1 265 371 372 XOR
2 1 296 371 373 XOR
2 1 265 373 374 XOR
2 1 372 373 375 AND
2 1 371 375 376 XOR
2 1 266 376 377 XOR
2 1 297 376 378 XOR
2 1 266 378 379 XOR
2 1 377 378 380 AND
2 1 376 380 381 XOR
2 1 267 381 382 XOR
2 1 298 381 383 XOR
2 1 267 383 384 XOR
2 1 382 383 385 AND
2 1 381 385 386 XOR
2 1 268 386 387 XOR
2 1 299 386 388 XOR
2 1 268 388 389 XOR
2 1 387 388 390 AND
2 1 386 390 391 XOR
2 1 269 391 392 XOR
2 1 300 391 393 XOR
2 1 269 393 394 XOR
2 1 392 393 395 AND
2 1 391 395 396 XOR
2 1 270 396 397 XOR
2 1 301 396 398 XOR
2 1 270 398 399 XOR
2 1 397 398 400 AND
2 1 396 400 401 XOR
2 1 271 401 402 XOR
2 1 302 401 403 XOR
2 1 271 403 404 XOR
2 1 402 403 405 AND
2 1 401 405 406 XOR
2 1 272 406 407 XOR
2 1 303 406 408 XOR
2 1 272 408 409 XOR
2 1 407 408 410 AND
2 1 406 410 411 XOR
2 1 273 411 412 XOR
2 1 304 411 413 XOR
2 1 273 413 414 XOR
2 1 412 413 415 AND
2 1 411 415 416 XOR
2 1 274 416 417 XOR
2 1 305 416 418 XOR
2 1 274 418 419 XOR
2 1 417 418 420 AND
2 1 416 420 421 XOR
2 1 275 421 422 XOR
2 1 306 421 423 XOR
2 1 275 423 424 XOR
2 1 422 423 425 AND
2 1 421 425 426 XOR
2 1 276 426 427 XOR
2 1 307 426 428 XOR
2 1 276 428 429 XOR
2 1 427 428 430 AND
2 1 426 430 431 XOR
2 1 277 431 432 XOR
2 1 308 431 433 XOR
2 1 277 433 434 XOR
2 1 432 433 435 AND
2 1 431 435 436 XOR
2 1 278 436 437 XOR
2 1 309 436 438 XOR
2 1 278 438 439 XOR
2 1 437 438 440 AND
2 1 436 440 441 XOR
2 1 279 441 442 XOR
2 1 310 441 443 XOR
2 1 279 443 444 XOR
2 1 442 443 445 AND
2 1 441 445 446 XOR
2 1 280 446 447 XOR
2 1 311 446 448 XOR
2 1 280 448 449 XOR
2 1 447 448 450 AND
2 1 446 450 451 XOR
2 1 281 451 452 XOR
2 1 312 451 453 XOR
2 1 281 453 454 XOR
2 1 452 453 455 AND
2 1 451 455 456 XOR
2 1 282 456 457 XOR
2 1 313 456 458 XOR
2 1 282 458 459 XOR
2 1 457 458 460 AND
2 1 456 460 461 XOR
2 1 461 314 462 XOR
2 1 462 283 463 XOR
2 1 250 105 464 AND
2 1 251 105 465 AND
2 1 251 105 466 AND
2 1 251 105 467 AND
2 1 251 105 468 AND
2 1 251 105 469 AND
2 1 251 105 470 AND
2 1 251 105 471 AND
2 1 251 105 472 AND
2 1 251 105 473 AND
2 1 251 105 474 AND
2 1 251 105 475 AND
2 1 251 105 476 AND
2 1 251 105 477 AND
2 1 251 105 478 AND
2 1 251 105 479 AND
2 1 251 105 480 AND
2 1 251 105 481 AND
2 1 251 105 482 AND
2 1 251 105 483 AND
2 1 251 105 484 AND
2 1 251 105 485 AND
2 1 251 105 486 AND
2 1 251 105 487 AND
2 1 251 105 488 AND
2 1 251 105 489 AND
2 1 251 105 490 AND
2 1 251 105 491 AND
2 1 251 105 492 AND
2 1 251 105 493 AND
2 1 319 464 494 XOR
2 1 319 464 495 AND
2 1 324 495 496 XOR
2 1 465 495 497 XOR
2 1 324 497 498 XOR
2 1 496 497 499 AND
2 1 495 499 500 XOR
2 1 329 500 501 XOR
2 1 466 500 502 XOR
2 1 329 502 503 XOR
2 1 501 502 504 AND
2 1 500 504 505 XOR
2 1 334 505 506 XOR
2 1 467 505 507 XOR
2 1 334 507 508 XOR
2 1 506 507 509 AND
2 1 505 509 510 XOR
2 1 339 510 511 XOR
2 1 468 510 512 XOR
2 1 339 512 513 XOR
2 1 511 512 514 AND
2 1 510 514 515 XOR
2 1 344 515 516 XOR
2 1 469 515 517 XOR
2 1 344 517 518 XOR
2 1 516 517 519 AND
2 1 515 519 520 XOR
2 1 349 520 521 XOR
2 1 470 520 522 XOR
2 1 349 522 523 XOR
2 1 521 522 524 AND
2 1 520 524 525 XOR
2 1 354 525 526 XOR
2 1 471 525 527 XOR
2 1 354 527 528 XOR
2 1 526 527 529 AND
2 1 525 529 530 XOR
2 1 359 530 531 XOR
2 1 472 530 532 XOR
2 1 359 532 533 XOR
2 1 531 532 534 AND
2 1 530 534 535 XOR
2 1 364 535 536 XOR
2 1 473 535 537 XOR
2 1 364 537 538 XOR
2 1 536 537 539 AND
2 1 535 539 540 XOR
2 1 369 540 541 XOR
2 1 474 540 542 XOR
2 1 369 542 543 XOR
2 1 541 542 544 AND
2 1 540 544 545 XOR
2 1 374 545 546 XOR
2 1 475 545 547 XOR
2 1 374 547 548 XOR
2 1 546 547 549 AND
2 1 545 549 550 XOR
2 1 379 550 551 XOR
2 1 476 550 552 XOR
2 1 379 552 553 XOR
2 1 551 552 554 AND
2 1 550 554 555 XOR
2 1 384 555 556 XOR
2 1 477 555 557 XOR
2 1 384 557 558 XOR
2 1 556 557 559 AND
2 1 555 559 560 XOR
2 1 389 560 561 XOR
2 1 478 560 562 XOR
2 1 389 562 563 XOR
2 1 561 562 564 AND
2 1 560 564 565 XOR
2 1 394 565 566 XOR
2 1 479 565 567 XOR
2 1 394 567 568 XOR
2 1 566 567 569 AND
2 1 565 569 570 XOR
2 1 399 570 571 XOR
2 1 480 570 572 XOR
2 1 399 572 573 XOR
2 1 571 572 574 AND
2 1 570 574 575 XOR
2 1 404 575 576 XOR
2 1 481 575 577 XOR
2 1 404 577 578 XOR
2 1 576 577 579 AND
2 1 575 579 580 XOR
2 1 409 580 581 XOR
2 1 482 580 582 XOR
2 1 409 582 583 XOR
2 1 581 582 584 AND
2 1 580 584 585 XOR
2 1 414 585 586 XOR
2 1 483 585 587 XOR
2 1 414 587 588 XOR
2 1 586 587 589 AND
2 1 585 589 590 XOR
2 1 419 590 591 XOR
2 1 484 590 592 XOR
2 1 419 592 593 XOR
2 1 591 592 594 AND
2 1 590 594 595 XOR
2 1 424 595 596 XOR
2 1 485 595 597 XOR
2 1 424 597 598 XOR
2 1 596 597 599 AND
2 1 595 599 600 XOR
2 1 429 600 601 XOR
2 1 486 600 602 XOR
2 1 429 602 603 XOR
2 1 601 602 604 AND
2 1 600 604 605 XOR
2 1 434 605 606 XOR
2 1 487 605 607 XOR
2 1 434 607 608 XOR
2 1 606 607 609 AND
2 1 605 609 610 XOR
2 1 439 610 611 XOR
2 1 488 610 612 XOR
2 1 439 612 613 XOR
2 1 611 612 614 AND
2 1 610 614 615 XOR
2 1 444 615 616 XOR
2 1 489 615 617 XOR
2 1 444 617 618 XOR
2 1 616 617 619 AND
2 1 615 619 620 XOR
2 1 449 620 621 XOR
2 1 490 620 622 XOR
2 1 449 622 623 XOR
2 1 621 622 624 AND
2 1 620 624 625 XOR
2 1 454 625 626 XOR
2 1 491 625 627 XOR
2 1 454 627 628 XOR
2 1 626 627 629 AND
2 1 625 629 630 XOR
2 1 459 630 631 XOR
2 1 492 630 632 XOR
2 1 459 632 633 XOR
2 1 631 632 634 AND
2 1 630 634 635 XOR
2 1 635 493 636 XOR
2 1 636 463 637 XOR
2 1 250 110 638 AND
2 1 251 110 639 AND
2 1 251 110 640 AND
2 1 251 110 641 AND
2 1 251 110 642 AND
2 1 251 110 643 AND
2 1 251 110 644 AND
2 1 251 110 645 AND
2 1 251 110 646 AND
2 1 251 110 647 AND
2 1 251 110 648 AND
2 1 251 110 649 AND
2 1 251 110 650 AND
2 1 251 110 651 AND
2 1 251 110 652 AND
2 1 251 110 653 AND
2 1 251 110 654 AND
2 1 251 110 655 AND
2 1 251 110 656 AND
2 1 251 110 657 AND
2 1 251 110 658 AND
2 1 251 110 659 AND
2 1 251 110 660 AND
2 1 251 110 661 AND
2 1 251 110 662 AND
2 1 251 110 663 AND
2 1 251 110 664 AND
2 1 251 110 665 AND
2 1 251 110 666 AND
2 1 498 638 667 XOR
2 1 498 638 668 AND
2 1 503 668 669 XOR
2 1 639 668 670 XOR
2 1 503 670 671 XOR
2 1 669 670 672 AND
2 1 668 672 673 XOR
2 1 508 673 674 XOR
2 1 640 673 675 XOR
2 1 508 675 676 XOR
2 1 674 675 677 AND
2 1 673 677 678 XOR
2 1 513 678 679 XOR
2 1 641 678 680 XOR
2 1 513 680 681 XOR
2 1 679 680 682 AND
2 1 678 682 683 XOR
2 1 518 683 684 XOR
2 1 642 683 685 XOR
2 1 518 685 686 XOR
2 1 684 685 687 AND
2 1 683 687 688 XOR
2 1 523 688 689 XOR
2 1 643 688 690 XOR
2 1 523 690 691 XOR
2 1 689 690 692 AND
2 1 688 692 693 XOR
2 1 528 693 694 XOR
2 1 644 693 695 XOR
2 1 528 695 696 XOR
2 1 694 695 697 AND
2 1 693 697 698 XOR
2 1 533 698 699 XOR
2 1 645 698 700 XOR
2 1 533 700 701 XOR
2 1 699 700 702 AND
2 1 698 702 703 XOR
2 1 538 703 704 XOR
2 1 646 703 705 XOR
2 1 538 705 706 XOR
2 1 704 705 707 AND
2 1 703 707 708 XOR
2 1 543 708 709 XOR
2 1 647 708 710 XOR
2 1 543 710 711 XOR
2 1 709 710 712 AND
2 1 708 712 713 XOR
2 1 548 713 714 XOR
2 1 648 713 715 XOR
2 1 548 715 716 XOR
2 1 714 715 717 AND
2 1 713 717 718 XOR
2 1 553 718 719 XOR
2 1 649 718 720 XOR
2 1 553 720 721 XOR
2 1 719 720 722 AND
2 1 718 722 723 XOR
2 1 558 723 724 XOR
2 1 650 723 725 XOR
2 1 558 725 726 XOR
2 1 724 725 727 AND
2 1 723 727 728 XOR
2 1 563 728 729 XOR
2 1 651 728 730 XOR
2 1 563 730 731 XOR
2 1 729 730 732 AND
2 1 728 732 733 XOR
2 1 568 733 734 XOR
2 1 652 733 735 XOR
2 1 568 735 736 XOR
2 1 734 735 737 AND
2 1 733 737 738 XOR
2 1 573 738 739 XOR
2 1 653 738 740 XOR
2 1 573 740 741 XOR
2 1 739 740 742 AND
2 1 738 742 743 XOR
2 1 578 743 744 XOR
2 1 654 743 745 XOR
2 1 578 745 746 XOR
2 1 744 745 747 AND
2 1 743 747 748 XOR
2 1 583 748 749 XOR
2 1 655 748 750 XOR
2 1 583 750 751 XOR
2 1 749 750 752 AND
2 1 748 752 753 XOR
2 1 588 753 754 XOR
2 1 656 753 755 XOR
2 1 588 755 756 XOR
2 1 754 755 757 AND
2 1 753 757 758 XOR
2 1 593 758 759 XOR
2 1 657 758 760 XOR
2 1 593 760 761 XOR
2 1 759 760 762 AND
2 1 758 762 763 XOR
2 1 598 763 764 XOR
2 1 658 763 765 XOR
2 1 598 765 766 XOR
2 1 764 765 767 AND
2 1 763 767 768 XOR
2 1 603 768 769 XOR
2 1 659 768 770 XOR
2 1 603 770 771 XOR
2 1 769 770 772 AND
2 1 768 772 773 XOR
2 1 608 773 774 XOR
2 1 660 773 775 XOR
2 1 608 775 776 XOR
2 1 774 775 777 AND
2 1 773 777 778 XOR
2 1 613 778 779 XOR
2 1 661 778 780 XOR
2 1 613 780 781 XOR
2 1 779 780 782 AND
2 1 778 782 783 XOR
2 1 618 783 784 XOR
2 1 662 783 785 XOR
2 1 618 785 786 XOR
2 1 784 785 787 AND
2 1 783 787 788 XOR
2 1 623 788 789 XOR
2 1 663 788 790 XOR
2 1 623 790 791 XOR
2 1 789 790 792 AND
2 1 788 792 793 XOR
2 1 628 793 794 XOR
2 1 664 793 795 XOR
2 1 628 795 796 XOR
2 1 794 795 797 AND
2 1 793 797 798 XOR
2 1 633 798 799 XOR
2 1 665 798 800 XOR
2 1 633 800 801 XOR
2 1 799 800 802 AND
2 1 798 802 803 XOR
2 1 803 666 804 XOR
2 1 804 637 805 XOR
2 1 250 115 806 AND
2 1 251 115 807 AND
2 1 251 115 808 AND
2 1 251 115 809 AND
2 1 251 115 810 AND
2 1 251 115 811 AND
2 1 251 115 812 AND
2 1 251 115 813 AND
2 1 251 115 814 AND
2 1 251 115 815 AND
2 1 251 115 816 AND
2 1 251 115 817 AND
2 1 251 115 818 AND
2 1 251 115 819 AND
2 1 251 115 820 AND
2 1 251 115 821 AND
2 1 251 115 822 AND
2 1 251 115 823 AND
2 1 251 115 824 AND
2 1 251 115 825 AND
2 1 251 115 826 AND
2 1 251 115 827 AND
2 1 251 115 828 AND
2 1 251 115 829 AND
2 1 251 115 830 AND
2 1 251 115 831 AND
2 1 251 115 832 AND
2 1 251 115 833 AND
2 1 671 806 834 XOR
2 1 671 806 835 AND
2 1 676 835 836 XOR
2 1 807 835 837 XOR
2 1 676 837 838 XOR
2 1 836 837 839 AND
2 1 835 839 840 XOR
2 1 681 840 841 XOR
2 1 808 840 842 XOR
2 1 681 842 843 XOR
2 1 841 842 844 AND
2 1 840 844 845 XOR
2 1 686 845 846 XOR
2 1 809 845 847 XOR
2 1 686 847 848 XOR
2 1 846 847 849 AND
2 1 845 849 850 XOR
2 1 691 850 851 XOR
2 1 810 850 852 XOR
2 1 691 852 853 XOR
2 1 851 852 854 AND
2 1 850 854 855 XOR
2 1 696 855 856 XOR
2 1 811 855 857 XOR
2 1 696 857 858 XOR
2 1 856 857 859 AND
2 1 855 859 860 XOR
2 1 701 860 861 XOR
2 1 812 860 862 XOR
2 1 701 862 863 XOR
2 1 861 862 864 AND
2 1 860 864 865 XOR
2 1 706 865 866 XOR
2 1 813 865 867 XOR
2 1 706 867 868 XOR
2 1 866 867 869 AND
2 1 865 869 870 XOR
2 1 711 870 871 XOR
2 1 814 870 872 XOR
2 1 711 872 873 XOR
2 1 871 872 874 AND
2 1 870 874 875 XOR
2 1 716 875 876 XOR
2 1 815 875 877 XOR
2 1 716 877 878 XOR
2 1 876 877 879 AND
2 1 875 879 880 XOR
2 1 721 880 881 XOR
2 1 816 880 882 XOR
2 1 721 882 883 XOR
2 1 881 882 884 AND
2 1 880 884 885 XOR
2 1 726 885 886 XOR
2 1 817 885 887 XOR
2 1 726 887 888 XOR
2 1 886 887 889 AND
2 1 885 889 890 XOR
2 1 731 890 891 XOR
2 1 818 890 892 XOR
2 1 731 892 893 XOR
2 1 891 892 894 AND
2 1 890 894 895 XOR
2 1 736 895 896 XOR
2 1 819 895 897 XOR
2 1 736 897 898 XOR
2 1 896 897 899 AND
2 1 895 899 900 XOR
2 1 741 900 901 XOR
2 1 820 900 902 XOR
2 1 741 902 903 XOR
2 1 901 902 904 AND
2 1 900 904 905 XOR
2 1 746 905 906 XOR
2 1 821 905 907 XOR
2 1 746 907 908 XOR
2 1 906 907 909 AND
2 1 905 909 910 XOR
2 1 751 910 911 XOR
2 1 822 910 912 XOR
2 1 751 912 913 XOR
2 1 911 912 914 AND
2 1 910 914 915 XOR
2 1 756 915 916 XOR
2 1 823 915 917 XOR
2 1 756 917 918 XOR
2 1 916 917 919 AND
2 1 915 919 920 XOR
2 1 761 920 921 XOR
2 1 824 920 922 XOR
2 1 761 922 923 XOR
2 1 921 922 924 AND
2 1 920 924 925 XOR
2 1 766 925 926 XOR
2 1 825 925 927 XOR
2 1 766 927 928 XOR
2 1 926 927 929 AND
2 1 925 929 930 XOR
2 1 771 930 931 XOR
2 1 826 930 932 XOR
2 1 771 932 933 XOR
2 1 931 932 934 AND
2 1 930 934 935 XOR
2 1 776 935 936 XOR
2 1 827 935 937 XOR
2 1 776 937 938 XOR
2 1 936 937 939 AND
2 1 935 939 940 XOR
2 1 781 940 941 XOR
2 1 828 940 942 XOR
2 1 781 942 943 XOR
2 1 941 942 944 AND
2 1 940 944 945 XOR
2 1 786 945 946 XOR
2 1 829 945 947 XOR
2 1 786 947 948 XOR
2 1 946 947 949 AND
2 1 945 949 950 XOR
2 1 791 950 951 XOR
2 1 830 950 952 XOR
2 1 791 952 953 XOR
2 1 951 952 954 AND
2 1 950 954 955 XOR
2 1 796 955 956 XOR
2 1 831 955 957 XOR
2 1 796 957 958 XOR
2 1 956 957 959 AND
2 1 955 959 960 XOR
2 1 801 960 961 XOR
2 1 832 960 962 XOR
2 1 801 962 963 XOR
2 1 961 962 964 AND
2 1 960 964 965 XOR
2 1 965 833 966 XOR
2 1 966 805 967 XOR
2 1 250 120 968 AND
2 1 251 120 969 AND
2 1 251 120 970 AND
2 1 251 120 971 AND
2 1 251 120 972 AND
2 1 251 120 973 AND
2 1 251 120 974 AND
2 1 251 120 975 AND
2 1 251 120 976 AND
2 1 251 120 977 AND
2 1 251 120 978 AND
2 1 251 120 979 AND
2 1 251 120 980 AND
2 1 251 120 981 AND
2 1 251 120 982 AND
2 1 251 120 983 AND
2 1 251 120 984 AND
2 1 251 120 985 AND
2 1 251 120 986 AND
2 1 251 120 987 AND
2 1 251 120 988 AND
2 1 251 120 989 AND
2 1 251 120 990 AND
2 1 251 120 991 AND
2 1 251 120 992 AND
2 1 251 120 993 AND
2 1 251 120 994 AND
2 1 838 968 995 XOR
2 1 838 968 996 AND
2 1 843 996 997 XOR
2 1 969 996 998 XOR
2 1 843 998 999 XOR
2 1 997 998 1000 AND
2 1 996 1000 1001 XOR
2 1 848 1001 1002 XOR
2 1 970 1001 1003 XOR
2 1 848 1003 1004 XOR
2 1 1002 1003 1005 AND
2 1 1001 1005 1006 XOR
2 1 853 1006 1007 XOR
2 1 971 1006 1008 XOR
2 1 853 1008 1009 XOR
2 1 1007 1008 1010 AND
2 1 1006 1010 1011 XOR
2 1 858 1011 1012 XOR
2 1 972 1011 1013 XOR
2 1 858 1013 1014 XOR
2 1 1012 1013 1015 AND
2 1 1011 1015 1016 XOR
2 1 863 1016 1017 XOR
2 1 973 1016 1018 XOR
2 1 863 1018 1019 XOR
2 1 1017 1018 1020 AND
2 1 1016 1020 1021 XOR
2 1 868 1021 1022 XOR
2 1 974 1021 1023 XOR
2 1 868 1023 1024 XOR
2 1 1022 1023 1025 AND
2 1 1021 1025 1026 XOR
2 1 873 1026 1027 XOR
2 1 975 1026 1028 XOR
2 1 873 1028 1029 XOR
2 1 1027 1028 1030 AND
2 1 1026 1030 1031 XOR
2 1 878 1031 1032 XOR
2 1 976 1031 1033 XOR
2 1 878 1033 1034 XOR
2 1 1032 1033 1035 AND
2 1 1031 1035 1036 XOR
2 1 883 1036 1037 XOR
2 1 977 1036 1038 XOR
2 1 883 1038 1039 XOR
2 1 1037 1038 1040 AND
2 1 1036 1040 1041 XOR
2 1 888 1041 1042 XOR
2 1 978 1041 1043 XOR
2 1 888 1043 1044 XOR
2 1 1042 1043 1045 AND
2 1 1041 1045 1046 XOR
2 1 893 1046 1047 XOR
2 1 979 1046 1048 XOR
2 1 893 1048 1049 XOR
2 1 1047 1048 1050 AND
2 1 1046 1050 1051 XOR
2 1 898 1051 1052 XOR
2 1 980 1051 1053 XOR
2 1 898 1053 1054 XOR
2 1 1052 1053 1055 AND
2 1 1051 1055 1056 XOR
2 1 903 1056 1057 XOR
2 1 981 1056 1058 XOR
2 1 903 1058 1059 XOR
2 1 1057 1058 1060 AND
2 1 1056 1060 1061 XOR
2 1 908 1061 1062 XOR
2 1 982 1061 1063 XOR
2 1 908 1063 1064 XOR
2 1 1062 1063 1065 AND
2 1 1061 1065 1066 XOR
2 1 913 1066 1067 XOR
2 1 983 1066 1068 XOR
2 1 913 1068 1069 XOR
2 1 1067 1068 1070 AND
2 1 1066 1070 1071 XOR
2 1 918 1071 1072 XOR
2 1 984 1071 1073 XOR
2 1 918 1073 1074 XOR
2 1 1072 1073 1075 AND
2 1 1071 1075 1076 XOR
2 1 923 1076 1077 XOR
2 1 985 1076 1078 XOR
2 1 923 1078 1079 XOR
2 1 1077 1078 1080 AND
2 1 1076 1080 1081 XOR
2 1 928 1081 1082 XOR
2 1 986 1081 1083 XOR
2 1 928 1083 1084 XOR
2 1 1082 1083 1085 AND
2 1 1081 1085 1086 XOR
2 1 933 1086 1087 XOR
2 1 987 1086 1088 XOR
2 1 933 1088 1089 XOR
2 1 1087 1088 1090 AND
2 1 1086 1090 1091 XOR
2 1 938 1091 1092 XOR
2 1 988 1091 1093 XOR
2 1 938 1093 1094 XOR
2 1 1092 1093 1095 AND
2 1 1091 1095 1096 XOR
2 1 943 1096 1097 XOR
2 1 989 1096 1098 XOR
2 1 943 1098 1099 XOR
2 1 1097 1098 1100 AND
2 1 1096 1100 1101 XOR
2 1 948 1101 1102 XOR
2 1 990 1101 1103 XOR
2 1 948 1103 1104 XOR
2 1 1102 1103 1105 AND
2 1 1101 1105 1106 XOR
2 1 953 1106 1107 XOR
2 1 991 1106 1108 XOR
2 1 953 1108 1109 XOR
2 1 1107 1108 1110 AND
2 1 1106 1110 1111 XOR
2 1 958 1111 1112 XOR
2 1 992 1111 1113 XOR
2 1 958 1113 1114 XOR
2 1 1112 1113 1115 AND
2 1 1111 1115 1116 XOR
2 1 963 1116 1117 XOR
2 1 993 1116 1118 XOR
2 1 963 1118 1119 XOR
2 1 1117 1118 1120 AND
2 1 1116 1120 1121 XOR
2 1 1121 994 1122 XOR
2 1 1122 967 1123 XOR
2 1 250 125 1124 AND
2 1 251 125 1125 AND
2 1 251 125 1126 AND
2 1 251 125 1127 AND
2 1 251 125 1128 AND
2 1 251 125 1129 AND
2 1 251 125 1130 AND
2 1 251 125 1131 AND
2 1 251 125 1132 AND
2 1 251 125 1133 AND
2 1 251 125 1134 AND
2 1 251 125 1135 AND
2 1 251 125 1136 AND
2 1 251 125 1137 AND
2 1 251 125 1138 AND
2 1 251 125 1139 AND
2 1 251 125 1140 AND
2 1 251 125 1141 AND
2 1 251 125 1142 AND
2 1 251 125 1143 AND
2 1 251 125 1144 AND
2 1 251 125 1145 AND
2 1 251 125 1146 AND
2 1 251 125 1147 AND
2 1 251 125 1148 AND
2 1 251 125 1149 AND
2 1 999 1124 1150 XOR
2 1 999 1124 1151 AND
2 1 1004 1151 1152 XOR
2 1 1125 1151 1153 XOR
2 1 1004 1153 1154 XOR
2 1 1152 1153 1155 AND
2 1 1151 1155 1156 XOR
2 1 1009 1156 1157 XOR
2 1 1126 1156 1158 XOR
2 1 1009 1158 1159 XOR
2 1 1157 1158 1160 AND
2 1 1156 1160 1161 XOR
2 1 1014 1161 1162 XOR
2 1 1127 1161 1163 XOR
2 1 1014 1163 1164 XOR
2 1 1162 1163 1165 AND
2 1 1161 1165 1166 XOR
2 1 1019 1166 1167 XOR
2 1 1128 1166 1168 XOR
2 1 1019 1168 1169 XOR
2 1 1167 1168 1170 AND
2 1 1166 1170 1171 XOR
2 1 1024 1171 1172 XOR
2 1 1129 1171 1173 XOR
2 1 1024 1173 1174 XOR
2 1 1172 1173 1175 AND
2 1 1171 1175 1176 XOR
2 1 1029 1176 1177 XOR
2 1 1130 1176 1178 XOR
2 1 1029 1178 1179 XOR
2 1 1177 1178 1180 AND
2 1 1176 1180 1181 XOR
2 1 1034 1181 1182 XOR
2 1 1131 1181 1183 XOR
2 1 1034 1183 1184 XOR
2 1 1182 1183 1185 AND
2 1 1181 1185 1186 XOR
2 1 1039 1186 1187 XOR
2 1 1132 1186 1188 XOR
2 1 1039 1188 1189 XOR
2 1 1187 1188 1190 AND
2 1 1186 1190 1191 XOR
2 1 1044 1191 1192 XOR
2 1 1133 1191 1193 XOR
2 1 1044 1193 1194 XOR
2 1 1192 1193 1195 AND
2 1 1191 1195 1196 XOR
2 1 1049 1196 1197 XOR
2 1 1134 1196 1198 XOR
2 1 1049 1198 1199 XOR
2 1 1197 1198 1200 AND
2 1 1196 1200 1201 XOR
2 1 1054 1201 1202 XOR
2 1 1135 1201 1203 XOR
2 1 1054 1203 1204 XOR
2 1 1202 1203 1205 AND
2 1 1201 1205 1206 XOR
2 1 1059 1206 1207 XOR
2 1 1136 1206 1208 XOR
2 1 1059 1208 1209 XOR
2 1 1207 1208 1210 AND
2 1 1206 1210 1211 XOR
2 1 1064 1211 1212 XOR
2 1 1137 1211 1213 XOR
2 1 1064 1213 1214 XOR
2 1 1212 1213 1215 AND
2 1 1211 1215 1216 XOR
2 1 1069 1216 1217 XOR
2 1 1138 1216 1218 XOR
2 1 1069 1218 1219 XOR
2 1 1217 1218 1220 AND
2 1 1216 1220 1221 XOR
2 1 1074 1221 1222 XOR
2 1 1139 1221 1223 XOR
2 1 1074 1223 1224 XOR
2 1 1222 1223 1225 AND
2 1 1221 1225 1226 XOR
2 1 1079 1226 1227 XOR
2 1 1140 1226 1228 XOR
2 1 1079 1228 1229 XOR
2 1 1227 1228 1230 AND
2 1 1226 1230 1231 XOR
2 1 1084 1231 1232 XOR
2 1 1141 1231 1233 XOR
2 1 1084 1233 1234 XOR
2 1 1232 1233 1235 AND
2 1 1231 1235 1236 XOR
2 1 1089 1236 1237 XOR
2 1 1142 1236 1238 XOR
2 1 1089 1238 1239 XOR
2 1 1237 1238 1240 AND
2 1 1236 1240 1241 XOR
2 1 1094 1241 1242 XOR
2 1 1143 1241 1243 XOR
2 1 1094 1243 1244 XOR
2 1 1242 1243 1245 AND
2 1 1241 1245 1246 XOR
2 1 1099 1246 1247 XOR
2 1 1144 1246 1248 XOR
2 1 1099 1248 1249 XOR
2 1 1247 1248 1250 AND
2 1 1246 1250 1251 XOR
2 1 1104 1251 1252 XOR
2 1 1145 1251 1253 XOR
2 1 1104 1253 1254 XOR
2 1 1252 1253 1255 AND
2 1 1251 1255 1256 XOR
2 1 1109 1256 1257 XOR
2 1 1146 1256 1258 XOR
2 1 1109 1258 1259 XOR
2 1 1257 1258 1260 AND
2 1 1256 1260 1261 XOR
2 1 1114 1261 1262 XOR
2 1 1147 1261 1263 XOR
2 1 1114 1263 1264 XOR
2 1 1262 1263 1265 AND
2 1 1261 1265 1266 XOR
2 1 1119 1266 1267 XOR
2 1 1148 1266 1268 XOR
2 1 1119 1268 1269 XOR
2 1 1267 1268 1270 AND
2 1 1266 1270 1271 XOR
2 1 1271 1149 1272 XOR
2 1 1272 1123 1273 XOR
2 1 250 130 1274 AND
2 1 251 130 1275 AND
2 1 251 130 1276 AND
2 1 251 130 1277 AND
2 1 251 130 1278 AND
2 1 251 130 1279 AND
2 1 251 130 1280 AND
2 1 251 130 1281 AND
2 1 251 130 1282 AND
2 1 251 130 1283 AND
2 1 251 130 1284 AND
2 1 251 130 1285 AND
2 1 251 130 1286 AND
2 1 251 130 1287 AND
2 1 251 130 1288 AND
2 1 251 130 1289 AND
2 1 251 130 1290 AND
2 1 251 130 1291 AND
2 1 251 130 1292 AND
2 1 251 130 1293 AND
2 1 251 130 1294 AND
2 1 251 130 1295 AND
2 1 251 130 1296 AND
2 1 251 130 1297 AND
2 1 251 130 1298 AND
2 1 1154 1274 1299 XOR
2 1 1154 1274 1300 AND
2 1 1159 1300 1301 XOR
2 1 1275 1300 1302 XOR
2 1 1159 1302 1303 XOR
2 1 1301 1302 1304 AND
2 1 1300 1304 1305 XOR
2 1 1164 1305 1306 XOR
2 1 1276 1305 1307 XOR
2 1 1164 1307 1308 XOR
2 1 1306 1307 1309 AND
2 1 1305 1309 1310 XOR
2 1 1169 1310 1311 XOR
2 1 1277 1310 1312 XOR
2 1 1169 1312 1313 XOR
2 1 1311 1312 1314 AND
2 1 1310 1314 1315 XOR
2 1 1174 1315 1316 XOR
2 1 1278 1315 1317 XOR
2 1 1174 1317 1318 XOR
2 1 1316 1317 1319 AND
2 1 1315 1319 1320 XOR
2 1 1179 1320 1321 XOR
2 1 1279 1320 1322 XOR
2 1 1179 1322 1323 XOR
2 1 1321 1322 1324 AND
2 1 1320 1324 1325 XOR
2 1 1184 1325 1326 XOR
2 1 1280 1325 1327 XOR
2 1 1184 1327 1328 XOR
2 1 1326 1327 1329 AND
2 1 1325 1329 1330 XOR
2 1 1189 1330 1331 XOR
2 1 1281 1330 1332 XOR
2 1 1189 1332 1333 XOR
2 1 1331 1332 1334 AND
2 1 1330 1334 1335 XOR
2 1 1194 1335 1336 XOR
2 1 1282 1335 1337 XOR
2 1 1194 1337 1338 XOR
2 1 1336 1337 1339 AND
2 1 1335 1339 1340 XOR
2 1 1199 1340 1341 XOR
2 1 1283 1340 1342 XOR
2 1 1199 1342 1343 XOR
2 1 1341 1342 1344 AND
2 1 1340 1344 1345 XOR
2 1 1204 1345 1346 XOR
2 1 1284 1345 1347 XOR
2 1 1204 1347 1348 XOR
2 1 1346 1347 1349 AND
2 1 1345 1349 1350 XOR
2 1 1209 1350 1351 XOR
2 1 1285 1350 1352 XOR
2 1 1209 1352 1353 XOR
2 1 1351 1352 1354 AND
2 1 1350 1354 1355 XOR
2 1 1214 1355 1356 XOR
2 1 1286 1355 1357 XOR
2 1 1214 1357 1358 XOR
2 1 1356 1357 1359 AND
2 1 1355 1359 1360 XOR
2 1 1219 1360 1361 XOR
2 1 1287 1360 1362 XOR
2 1 1219 1362 1363 XOR
2 1 1361 1362 1364 AND
2 1 1360 1364 1365 XOR
2 1 1224 1365 1366 XOR
2 1 1288 1365 1367 XOR
2 1 1224 1367 1368 XOR
2 1 1366 1367 1369 AND
2 1 1365 1369 1370 XOR
2 1 1229 1370 1371 XOR
2 1 1289 1370 1372 XOR
2 1 1229 1372 1373 XOR
2 1 1371 1372 1374 AND
2 1 1370 1374 1375 XOR
2 1 1234 1375 1376 XOR
2 1 1290 1375 1377 XOR
2 1 1234 1377 1378 XOR
2 1 1376 1377 1379 AND
2 1 1375 1379 1380 XOR
2 1 1239 1380 1381 XOR
2 1 1291 1380 1382 XOR
2 1 1239 1382 1383 XOR
2 1 1381 1382 1384 AND
2 1 1380 1384 1385 XOR
2 1 1244 1385 1386 XOR
2 1 1292 1385 1387 XOR
2 1 1244 1387 1388 XOR
2 1 1386 1387 1389 AND
2 1 1385 1389 1390 XOR
2 1 1249 1390 1391 XOR
2 1 1293 1390 1392 XOR
2 1 1249 1392 1393 XOR
2 1 1391 1392 1394 AND
2 1 1390 1394 1395 XOR
2 1 1254 1395 1396 XOR
2 1 1294 1395 1397 XOR
2 1 1254 1397 1398 XOR
2 1 1396 1397 1399 AND
2 1 1395 1399 1400 XOR
2 1 1259 1400 1401 XOR
2 1 1295 1400 1402 XOR
2 1 1259 1402 1403 XOR
2 1 1401 1402 1404 AND
2 1 1400 1404 1405 XOR
2 1 1264 1405 1406 XOR
2 1 1296 1405 1407 XOR
2 1 1264 1407 1408 XOR
2 1 1406 1407 1409 AND
2 1 1405 1409 1410 XOR
2 1 1269 1410 1411 XOR
2 1 1297 1410 1412 XOR
2 1 1269 1412 1413 XOR
2 1 1411 1412 1414 AND
2 1 1410 1414 1415 XOR
2 1 1415 1298 1416 XOR
2 1 1416 1273 1417 XOR
2 1 250 135 1418 AND
2 1 251 135 1419 AND
2 1 251 135 1420 AND
2 1 251 135 1421 AND
2 1 251 135 1422 AND
2 1 251 135 1423 AND
2 1 251 135 1424 AND
2 1 251 135 1425 AND
2 1 251 135 1426 AND
2 1 251 135 1427 AND
2 1 251 135 1428 AND
2 1 251 135 1429 AND
2 1 251 135 1430 AND
2 1 251 135 1431 AND
2 1 251 135 1432 AND
2 1 251 135 1433 AND
2 1 251 135 1434 AND
2 1 251 135 1435 AND
2 1 251 135 1436 AND
2 1 251 135 1437 AND
2 1 251 135 1438 AND
2 1 251 135 1439 AND
2 1 251 135 1440 AND
2 1 251 135 1441 AND
2 1 1303 1418 1442 XOR
2 1 1303 1418 1443 AND
2 1 1308 1443 1444 XOR
2 1 1419 1443 1445 XOR
2 1 1308 1445 1446 XOR
2 1 1444 1445 1447 AND
2 1 1443 1447 1448 XOR
2 1 1313 1448 1449 XOR
2 1 1420 1448 1450 XOR
2 1 1313 1450 1451 XOR
2 1 1449 1450 1452 AND
2 1 1448 1452 1453 XOR
2 1 1318 1453 1454 XOR
2 1 1421 1453 1455 XOR
2 1 1318 1455 1456 XOR
2 1 1454 1455 1457 AND
2 1 1453 1457 1458 XOR
2 1 1323 1458 1459 XOR
2 1 1422 1458 1460 XOR
2 1 1323 1460 1461 XOR
2 1 1459 1460 1462 AND
2 1 1458 1462 1463 XOR
2 1 1328 1463 1464 XOR
2 1 1423 1463 1465 XOR
2 1 1328 1465 1466 XOR
2 1 1464 1465 1467 AND
2 1 1463 1467 1468 XOR
2 1 1333 1468 1469 XOR
2 1 1424 1468 1470 XOR
2 1 1333 1470 1471 XOR
2 1 1469 1470 1472 AND
2 1 1468 1472 1473 XOR
2 1 1338 1473 1474 XOR
2 1 1425 1473 1475 XOR
2 1 1338 1475 1476 XOR
2 1 1474 1475 1477 AND
2 1 1473 1477 1478 XOR
2 1 1343 1478 1479 XOR
2 1 1426 1478 1480 XOR
2 1 1343 1480 1481 XOR
2 1 1479 1480 1482 AND
2 1 1478 1482 1483 XOR
2 1 1348 1483 1484 XOR
2 1 1427 1483 1485 XOR
2 1 1348 1485 1486 XOR
2 1 1484 1485 1487 AND
2 1 1483 1487 1488 XOR
2 1 1353 1488 1489 XOR
2 1 1428 1488 1490 XOR
2 1 1353 1490 1491 XOR
2 1 1489 1490 1492 AND
2 1 1488 1492 1493 XOR
2 1 1358 1493 1494 XOR
2 1 1429 1493 1495 XOR
2 1 1358 1495 1496 XOR
2 1 1494 1495 1497 AND
2 1 1493 1497 1498 XOR
2 1 1363 1498 1499 XOR
2 1 1430 1498 1500 XOR
2 1 1363 1500 1501 XOR
2 1 1499 1500 1502 AND
2 1 1498 1502 1503 XOR
2 1 1368 1503 1504 XOR
2 1 1431 1503 1505 XOR
2 1 1368 1505 1506 XOR
2 1 1504 1505 1507 AND
2 1 1503 1507 1508 XOR
2 1 1373 1508 1509 XOR
2 1 1432 1508 1510 XOR
2 1 1373 1510 1511 XOR
2 1 1509 1510 1512 AND
2 1 1508 1512 1513 XOR
2 1 1378 1513 1514 XOR
2 1 1433 1513 1515 XOR
2 1 1378 1515 1516 XOR
2 1 1514 1515 1517 AND
2 1 1513 1517 1518 XOR
2 1 1383 1518 1519 XOR
2 1 1434 1518 1520 XOR
2 1 1383 1520 1521 XOR
2 1 1519 1520 1522 AND
2 1 1518 1522 1523 XOR
2 1 1388 1523 1524 XOR
2 1 1435 1523 1525 XOR
2 1 1388 1525 1526 XOR
2 1 1524 1525 1527 AND
2 1 1523 1527 1528 XOR
2 1 1393 1528 1529 XOR
2 1 1436 1528 1530 XOR
2 1 1393 1530 1531 XOR
2 1 1529 1530 1532 AND
2 1 1528 1532 1533 XOR
2 1 1398 1533 1534 XOR
2 1 1437 1533 1535 XOR
2 1 1398 1535 1536 XOR
2 1 1534 1535 1537 AND
2 1 1533 1537 1538 XOR
2 1 1403 1538 1539 XOR
2 1 1438 1538 1540 XOR
2 1 1403 1540 1541 XOR
2 1 1539 1540 1542 AND
2 1 1538 1542 1543 XOR
2 1 1408 1543 1544 XOR
2 1 1439 1543 1545 XOR
2 1 1408 1545 1546 XOR
2 1 1544 1545 1547 AND
2 1 1543 1547 1548 XOR
2 1 1413 1548 1549 XOR
2 1 1440 1548 1550 XOR
2 1 1413 1550 1551 XOR
2 1 1549 1550 1552 AND
2 1 1548 1552 1553 XOR
2 1 1553 1441 1554 XOR
2 1 1554 1417 1555 XOR
2 1 250 140 1556 AND
2 1 251 140 1557 AND
2 1 251 140 1558 AND
2 1 251 140 1559 AND
2 1 251 140 1560 AND
2 1 251 140 1561 AND
2 1 251 140 1562 AND
2 1 251 140 1563 AND
2 1 251 140 1564 AND
2 1 251 140 1565 AND
2 1 251 140 1566 AND
2 1 251 140 1567 AND
2 1 251 140 1568 AND
2 1 251 140 1569 AND
2 1 251 140 1570 AND
2 1 251 140 1571 AND
2 1 251 140 1572 AND
2 1 251 140 1573 AND
2 1 251 140 1574 AND
2 1 251 140 1575 AND
2 1 251 140 1576 AND
2 1 251 140 1577 AND
2 1 251 140 1578 AND
2 1 1446 1556 1579 XOR
2 1 1446 1556 1580 AND
2 1 1451 1580 1581 XOR
2 1 1557 1580 1582 XOR
2 1 1451 1582 1583 XOR
2 1 1581 1582 1584 AND
2 1 1580 1584 1585 XOR
2 1 1456 1585 1586 XOR
2 1 1558 1585 1587 XOR
2 1 1456 1587 1588 XOR
2 1 1586 1587 1589 AND
2 1 1585 1589 1590 XOR
2 1 1461 1590 1591 XOR
2 1 1559 1590 1592 XOR
2 1 1461 1592 1593 XOR
2 1 1591 1592 1594 AND
2 1 1590 1594 1595 XOR
2 1 1466 1595 1596 XOR
2 1 1560 1595 1597 XOR
2 1 1466 1597 1598 XOR
2 1 1596 1597 1599 AND
2 1 1595 1599 1600 XOR
2 1 1471 1600 1601 XOR
2 1 1561 1600 1602 XOR
2 1 1471 1602 1603 XOR
2 1 1601 1602 1604 AND
2 1 1600 1604 1605 XOR
2 1 1476 1605 1606 XOR
2 1 1562 1605 1607 XOR
2 1 1476 1607 1608 XOR
2 1 1606 1607 1609 AND
2 1 1605 1609 1610 XOR
2 1 1481 1610 1611 XOR
2 1 1563 1610 1612 XOR
2 1 1481 1612 1613 XOR
2 1 1611 1612 1614 AND
2 1 1610 1614 1615 XOR
2 1 1486 1615 1616 XOR
2 1 1564 1615 1617 XOR
2 1 1486 1617 1618 XOR
2 1 1616 1617 1619 AND
2 1 1615 1619 1620 XOR
2 1 1491 1620 1621 XOR
2 1 1565 1620 1622 XOR
2 1 1491 1622 1623 XOR
2 1 1621 1622 1624 AND
2 1 1620 1624 1625 XOR
2 1 1496 1625 1626 XOR
2 1 1566 1625 1627 XOR
2 1 1496 1627 1628 XOR
2 1 1626 1627 1629 AND
2 1 1625 1629 1630 XOR
2 1 1501 1630 1631 XOR
2 1 1567 1630 1632 XOR
2 1 1501 1632 1633 XOR
2 1 1631 1632 1634 AND
2 1 1630 1634 1635 XOR
2 1 1506 1635 1636 XOR
2 1 1568 1635 1637 XOR
2 1 1506 1637 1638 XOR
2 1 1636 1637 1639 AND
2 1 1635 1639 1640 XOR
2 1 1511 1640 1641 XOR
2 1 1569 1640 1642 XOR
2 1 1511 1642 1643 XOR
2 1 1641 1642 1644 AND
2 1 1640 1644 1645 XOR
2 1 1516 1645 1646 XOR
2 1 1570 1645 1647 XOR
2 1 1516 1647 1648 XOR
2 1 1646 1647 1649 AND
2 1 1645 1649 1650 XOR
2 1 1521 1650 1651 XOR
2 1 1571 1650 1652 XOR
2 1 1521 1652 1653 XOR
2 1 1651 1652 1654 AND
2 1 1650 1654 1655 XOR
2 1 1526 1655 1656 XOR
2 1 1572 1655 1657 XOR
2 1 1526 1657 1658 XOR
2 1 1656 1657 1659 AND
2 1 1655 1659 1660 XOR
2 1 1531 1660 1661 XOR
2 1 1573 1660 1662 XOR
2 1 1531 1662 1663 XOR
2 1 1661 1662 1664 AND
2 1 1660 1664 1665 XOR
2 1 1536 1665 1666 XOR
2 1 1574 1665 1667 XOR
2 1 1536 1667 1668 XOR
2 1 1666 1667 1669 AND
2 1 1665 1669 1670 XOR
2 1 1541 1670 1671 XOR
2 1 1575 1670 1672 XOR
2 1 1541 1672 1673 XOR
2 1 1671 1672 1674 AND
2 1 1670 1674 1675 XOR
2 1 1546 1675 1676 XOR
2 1 1576 1675 1677 XOR
2 1 1546 1677 1678 XOR
2 1 1676 1677 1679 AND
2 1 1675 1679 1680 XOR
2 1 1551 1680 1681 XOR
2 1 1577 1680 1682 XOR
2 1 1551 1682 1683 XOR
2 1 1681 1682 1684 AND
2 1 1680 1684 1685 XOR
2 1 1685 1578 1686 XOR
2 1 1686 1555 1687 XOR
2 1 250 145 1688 AND
2 1 251 145 1689 AND
2 1 251 145 1690 AND
2 1 251 145 1691 AND
2 1 251 145 1692 AND
2 1 251 145 1693 AND
2 1 251 145 1694 AND
2 1 251 145 1695 AND
2 1 251 145 1696 AND
2 1 251 145 1697 AND
2 1 251 145 1698 AND
2 1 251 145 1699 AND
2 1 251 145 1700 AND
2 1 251 145 1701 AND
2 1 251 145 1702 AND
2 1 251 145 1703 AND
2 1 251 145 1704 AND
2 1 251 145 1705 AND
2 1 251 145 1706 AND
2 1 251 145 1707 AND
2 1 251 145 1708 AND
2 1 251 145 1709 AND
2 1 1583 1688 1710 XOR
2 1 1583 1688 1711 AND
2 1 1588 1711 1712 XOR
2 1 1689 1711 1713 XOR
2 1 1588 1713 1714 XOR
2 1 1712 1713 1715 AND
2 1 1711 1715 1716 XOR
2 1 1593 1716 1717 XOR
2 1 1690 1716 1718 XOR
2 1 1593 1718 1719 XOR
2 1 1717 1718 1720 AND
2 1 1716 1720 1721 XOR
2 1 1598 1721 1722 XOR
2 1 1691 1721 1723 XOR
2 1 1598 1723 1724 XOR
2 1 1722 1723 1725 AND
2 1 1721 1725 1726 XOR
2 1 1603 1726 1727 XOR
2 1 1692 1726 1728 XOR
2 1 1603 1728 1729 XOR
2 1 1727 1728 1730 AND
2 1 1726 1730 1731 XOR
2 1 1608 1731 1732 XOR
2 1 1693 1731 1733 XOR
2 1 1608 1733 1734 XOR
2 1 1732 1733 1735 AND
2 1 1731 1735 1736 XOR
2 1 1613 1736 1737 XOR
2 1 1694 1736 1738 XOR
2 1 1613 1738 1739 XOR
2 1 1737 1738 1740 AND
2 1 1736 1740 1741 XOR
2 1 1618 1741 1742 XOR
2 1 1695 1741 1743 XOR
2 1 1618 1743 1744 XOR
2 1 1742 1743 1745 AND
2 1 1741 1745 1746 XOR
2 1 1623 1746 1747 XOR
2 1 1696 1746 1748 XOR
2 1 1623 1748 1749 XOR
2 1 1747 1748 1750 AND
2 1 1746 1750 1751 XOR
2 1 1628 1751 1752 XOR
2 1 1697 1751 1753 XOR
2 1 1628 1753 1754 XOR
2 1 1752 1753 1755 AND
2 1 1751 1755 1756 XOR
2 1 1633 1756 1757 XOR
2 1 1698 1756 1758 XOR
2 1 1633 1758 1759 XOR
2 1 1757 1758 1760 AND
2 1 1756 1760 1761 XOR
2 1 1638 1761 1762 XOR
2 1 1699 1761 1763 XOR
2 1 1638 1763 1764 XOR
2 1 1762 1763 1765 AND
2 1 1761 1765 1766 XOR
2 1 1643 1766 1767 XOR
2 1 1700 1766 1768 XOR
2 1 1643 1768 1769 XOR
2 1 1767 1768 1770 AND
2 1 1766 1770 1771 XOR
2 1 1648 1771 1772 XOR
2 1 1701 1771 1773 XOR
2 1 1648 1773 1774 XOR
2 1 1772 1773 1775 AND
2 1 1771 1775 1776 XOR
2 1 1653 1776 1777 XOR
2 1 1702 1776 1778 XOR
2 1 1653 1778 1779 XOR
2 1 1777 1778 1780 AND
2 1 1776 1780 1781 XOR
2 1 1658 1781 1782 XOR
2 1 1703 1781 1783 XOR
2 1 1658 1783 1784 XOR
2 1 1782 1783 1785 AND
2 1 1781 1785 1786 XOR
2 1 1663 1786 1787 XOR
2 1 1704 1786 1788 XOR
2 1 1663 1788 1789 XOR
2 1 1787 1788 1790 AND
2 1 1786 1790 1791 XOR
2 1 1668 1791 1792 XOR
2 1 1705 1791 1793 XOR
2 1 1668 1793 1794 XOR
2 1 1792 1793 1795 AND
2 1 1791 1795 1796 XOR
2 1 1673 1796 1797 XOR
2 1 1706 1796 1798 XOR
2 1 1673 1798 1799 XOR
2 1 1797 1798 1800 AND
2 1 1796 1800 1801 XOR
2 1 1678 1801 1802 XOR
2 1 1707 1801 1803 XOR
2 1 1678 1803 1804 XOR
2 1 1802 1803 1805 AND
2 1 1801 1805 1806 XOR
2 1 1683 1806 1807 XOR
2 1 1708 1806 1808 XOR
2 1 1683 1808 1809 XOR
2 1 1807 1808 1810 AND
2 1 1806 1810 1811 XOR
2 1 1811 1709 1812 XOR
2 1 1812 1687 1813 XOR
2 1 250 150 1814 AND
2 1 251 150 1815 AND
2 1 251 150 1816 AND
2 1 251 150 1817 AND
2 1 251 150 1818 AND
2 1 251 150 1819 AND
2 1 251 150 1820 AND
2 1 251 150 1821 AND
2 1 251 150 1822 AND
2 1 251 150 1823 AND
2 1 251 150 1824 AND
2 1 251 150 1825 AND
2 1 251 150 1826 AND
2 1 251 150 1827 AND
2 1 251 150 1828 AND
2 1 251 150 1829 AND
2 1 251 150 1830 AND
2 1 251 150 1831 AND
2 1 251 150 1832 AND
2 1 251 150 1833 AND
2 1 251 150 1834 AND
2 1 1714 1814 1835 XOR
2 1 1714 1814 1836 AND
2 1 1719 1836 1837 XOR
2 1 1815 1836 1838 XOR
2 1 1719 1838 1839 XOR
2 1 1837 1838 1840 AND
2 1 1836 1840 1841 XOR
2 1 1724 1841 1842 XOR
2 1 1816 1841 1843 XOR
2 1 1724 1843 1844 XOR
2 1 1842 1843 1845 AND
2 1 1841 1845 1846 XOR
2 1 1729 1846 1847 XOR
2 1 1817 1846 1848 XOR
2 1 1729 1848 1849 XOR
2 1 1847 1848 1850 AND
2 1 1846 1850 1851 XOR
2 1 1734 1851 1852 XOR
2 1 1818 1851 1853 XOR
2 1 1734 1853 1854 XOR
2 1 1852 1853 1855 AND
2 1 1851 1855 1856 XOR
2 1 1739 1856 1857 XOR
2 1 1819 1856 1858 XOR
2 1 1739 1858 1859 XOR
2 1 1857 1858 1860 AND
2 1 1856 1860 1861 XOR
2 1 1744 1861 1862 XOR
2 1 1820 1861 1863 XOR
2 1 1744 1863 1864 XOR
2 1 1862 1863 1865 AND
2 1 1861 1865 1866 XOR
2 1 1749 1866 1867 XOR
2 1 1821 1866 1868 XOR
2 1 1749 1868 1869 XOR
2 1 1867 1868 1870 AND
2 1 1866 1870 1871 XOR
2 1 1754 1871 1872 XOR
2 1 1822 1871 1873 XOR
2 1 1754 1873 1874 XOR
2 1 1872 1873 1875 AND
2 1 1871 1875 1876 XOR
2 1 1759 1876 1877 XOR
2 1 1823 1876 1878 XOR
2 1 1759 1878 1879 XOR
2 1 1877 1878 1880 AND
2 1 1876 1880 1881 XOR
2 1 1764 1881 1882 XOR
2 1 1824 1881 1883 XOR
2 1 1764 1883 1884 XOR
2 1 1882 1883 1885 AND
2 1 1881 1885 1886 XOR
2 1 1769 1886 1887 XOR
2 1 1825 1886 1888 XOR
2 1 1769 1888 1889 XOR
2 1 1887 1888 1890 AND
2 1 1886 1890 1891 XOR
2 1 1774 1891 1892 XOR
2 1 1826 1891 1893 XOR
2 1 1774 1893 1894 XOR
2 1 1892 1893 1895 AND
2 1 1891 1895 1896 XOR
2 1 1779 1896 1897 XOR
2 1 1827 1896 1898 XOR
2 1 1779 1898 1899 XOR
2 1 1897 1898 1900 AND
2 1 1896 1900 1901 XOR
2 1 1784 1901 1902 XOR
2 1 1828 1901 1903 XOR
2 1 1784 1903 1904 XOR
2 1 1902 1903 1905 AND
2 1 1901 1905 1906 XOR
2 1 1789 1906 1907 XOR
2 1 1829 1906 1908 XOR
2 1 1789 1908 1909 XOR
2 1 1907 1908 1910 AND
2 1 1906 1910 1911 XOR
2 1 1794 1911 1912 XOR
2 1 1830 1911 1913 XOR
2 1 1794 1913 1914 XOR
2 1 1912 1913 1915 AND
2 1 1911 1915 1916 XOR
2 1 1799 1916 1917 XOR
2 1 1831 1916 1918 XOR
2 1 1799 1918 1919 XOR
2 1 1917 1918 1920 AND
2 1 1916 1920 1921 XOR
2 1 1804 1921 1922 XOR
2 1 1832 1921 1923 XOR
2 1 1804 1923 1924 XOR
2 1 1922 1923 1925 AND
2 1 1921 1925 1926 XOR
2 1 1809 1926 1927 XOR
2 1 1833 1926 1928 XOR
2 1 1809 1928 1929 XOR
2 1 1927 1928 1930 AND
2 1 1926 1930 1931 XOR
2 1 1931 1834 1932 XOR
2 1 1932 1813 1933 XOR
2 1 250 155 1934 AND
2 1 251 155 1935 AND
2 1 251 155 1936 AND
2 1 251 155 1937 AND
2 1 251 155 1938 AND
2 1 251 155 1939 AND
2 1 251 155 1940 AND
2 1 251 155 1941 AND
2 1 251 155 1942 AND
2 1 251 155 1943 AND
2 1 251 155 1944 AND
2 1 251 155 1945 AND
2 1 251 155 1946 AND
2 1 251 155 1947 AND
2 1 251 155 1948 AND
2 1 251 155 1949 AND
2 1 251 155 1950 AND
2 1 251 155 1951 AND
2 1 251 155 1952 AND
2 1 251 155 1953 AND
2 1 1839 1934 1954 XOR
2 1 1839 1934 1955 AND
2 1 1844 1955 1956 XOR
2 1 1935 1955 1957 XOR
2 1 1844 1957 1958 XOR
2 1 1956 1957 1959 AND
2 1 1955 1959 1960 XOR
2 1 1849 1960 1961 XOR
2 1 1936 1960 1962 XOR
2 1 1849 1962 1963 XOR
2 1 1961 1962 1964 AND
2 1 1960 1964 1965 XOR
2 1 1854 1965 1966 XOR
2 1 1937 1965 1967 XOR
2 1 1854 1967 1968 XOR
2 1 1966 1967 1969 AND
2 1 1965 1969 1970 XOR
2 1 1859 1970 1971 XOR
2 1 1938 1970 1972 XOR
2 1 1859 1972 1973 XOR
2 1 1971 1972 1974 AND
2 1 1970 1974 1975 XOR
2 1 1864 1975 1976 XOR
2 1 1939 1975 1977 XOR
2 1 1864 1977 1978 XOR
2 1 1976 1977 1979 AND
2 1 1975 1979 1980 XOR
2 1 1869 1980 1981 XOR
2 1 1940 1980 1982 XOR
2 1 1869 1982 1983 XOR
2 1 1981 1982 1984 AND
2 1 1980 1984 1985 XOR
2 1 1874 1985 1986 XOR
2 1 1941 1985 1987 XOR
2 1 1874 1987 1988 XOR
2 1 1986 1987 1989 AND
2 1 1985 1989 1990 XOR
2 1 1879 1990 1991 XOR
2 1 1942 1990 1992 XOR
2 1 1879 1992 1993 XOR
2 1 1991 1992 1994 AND
2 1 1990 1994 1995 XOR
2 1 1884 1995 1996 XOR
2 1 1943 1995 1997 XOR
2 1 1884 1997 1998 XOR
2 1 1996 1997 1999 AND
2 1 1995 1999 2000 XOR
2 1 1889 2000 2001 XOR
2 1 1944 2000 2002 XOR
2 1 1889 2002 2003 XOR
2 1 2001 2002 2004 AND
2 1 2000 2004 2005 XOR
2 1 1894 2005 2006 XOR
2 1 1945 2005 2007 XOR
2 1 1894 2007 2008 XOR
2 1 2006 2007 2009 AND
2 1 2005 2009 2010 XOR
2 1 1899 2010 2011 XOR
2 1 1946 2010 2012 XOR
2 1 1899 2012 2013 XOR
2 1 2011 2012 2014 AND
2 1 2010 2014 2015 XOR
2 1 1904 2015 2016 XOR
2 1 1947 2015 2017 XOR
2 1 1904 2017 2018 XOR
2 1 2016 2017 2019 AND
2 1 2015 2019 2020 XOR
2 1 1909 2020 2021 XOR
2 1 1948 2020 2022 XOR
2 1 1909 2022 2023 XOR
2 1 2021 2022 2024 AND
2 1 2020 2024 2025 XOR
2 1 1914 2025 2026 XOR
2 1 1949 2025 2027 XOR
2 1 1914 2027 2028 XOR
2 1 2026 2027 2029 AND
2 1 2025 2029 2030 XOR
2 1 1919 2030 2031 XOR
2 1 1950 2030 2032 XOR
2 1 1919 2032 2033 XOR
2 1 2031 2032 2034 AND
2 1 2030 2034 2035 XOR
2 1 1924 2035 2036 XOR
2 1 1951 2035 2037 XOR
2 1 1924 2037 2038 XOR
2 1 2036 2037 2039 AND
2 1 2035 2039 2040 XOR
2 1 1929 2040 2041 XOR
2 1 1952 2040 2042 XOR
2 1 1929 2042 2043 XOR
2 1 2041 2042 2044 AND
2 1 2040 2044 2045 XOR
2 1 2045 1953 2046 XOR
2 1 2046 1933 2047 XOR
2 1 250 160 2048 AND
2 1 251 160 2049 AND
2 1 251 160 2050 AND
2 1 251 160 2051 AND
2 1 251 160 2052 AND
2 1 251 160 2053 AND
2 1 251 160 2054 AND
2 1 251 160 2055 AND
2 1 251 160 2056 AND
2 1 251 160 2057 AND
2 1 251 160 2058 AND
2 1 251 160 2059 AND
2 1 251 160 2060 AND
2 1 251 160 2061 AND
2 1 251 160 2062 AND
2 1 251 160 2063 AND
2 1 251 160 2064 AND
2 1 251 160 2065 AND
2 1 251 160 2066 AND
2 1 1958 2048 2067 XOR
2 1 1958 2048 2068 AND
2 1 1963 2068 2069 XOR
2 1 2049 2068 2070 XOR
2 1 1963 2070 2071 XOR
2 1 2069 2070 2072 AND
2 1 2068 2072 2073 XOR
2 1 1968 2073 2074 XOR
2 1 2050 2073 2075 XOR
2 1 1968 2075 2076 XOR
2 1 2074 2075 2077 AND
2 1 2073 2077 2078 XOR
2 1 1973 2078 2079 XOR
2 1 2051 2078 2080 XOR
2 1 1973 2080 2081 XOR
2 1 2079 2080 2082 AND
2 1 2078 2082 2083 XOR
2 1 1978 2083 2084 XOR
2 1 2052 2083 2085 XOR
2 1 1978 2085 2086 XOR
2 1 2084 2085 2087 AND
2 1 2083 2087 2088 XOR
2 1 1983 2088 2089 XOR
2 1 2053 2088 2090 XOR
2 1 1983 2090 2091 XOR
2 1 2089 2090 2092 AND
2 1 2088 2092 2093 XOR
2 1 1988 2093 2094 XOR
2 1 2054 2093 2095 XOR
2 1 1988 2095 2096 XOR
2 1 2094 2095 2097 AND
2 1 2093 2097 2098 XOR
2 1 1993 2098 2099 XOR
2 1 2055 2098 2100 XOR
2 1 1993 2100 2101 XOR
2 1 2099 2100 2102 AND
2 1 2098 2102 2103 XOR
2 1 1998 2103 2104 XOR
2 1 2056 2103 2105 XOR
2 1 1998 2105 2106 XOR
2 1 2104 2105 2107 AND
2 1 2103 2107 2108 XOR
2 1 2003 2108 2109 XOR
2 1 2057 2108 2110 XOR
2 1 2003 2110 2111 XOR
2 1 2109 2110 2112 AND
2 1 2108 2112 2113 XOR
2 1 2008 2113 2114 XOR
2 1 2058 2113 2115 XOR
2 1 2008 2115 2116 XOR
2 1 2114 2115 2117 AND
2 1 2113 2117 2118 XOR
2 1 2013 2118 2119 XOR
2 1 2059 2118 2120 XOR
2 1 2013 2120 2121 XOR
2 1 2119 2120 2122 AND
2 1 2118 2122 2123 XOR
2 1 2018 2123 2124 XOR
2 1 2060 2123 2125 XOR
2 1 2018 2125 2126 XOR
2 1 2124 2125 2127 AND
2 1 2123 2127 2128 XOR
2 1 2023 2128 2129 XOR
2 1 2061 2128 2130 XOR
2 1 2023 2130 2131 XOR
2 1 2129 2130 2132 AND
2 1 2128 2132 2133 XOR
2 1 2028 2133 2134 XOR
2 1 2062 2133 2135 XOR
2 1 2028 2135 2136 XOR
2 1 2134 2135 2137 AND
2 1 2133 2137 2138 XOR
2 1 2033 2138 2139 XOR
2 1 2063 2138 2140 XOR
2 1 2033 2140 2141 XOR
2 1 2139 2140 2142 AND
2 1 2138 2142 2143 XOR
2 1 2038 2143 2144 XOR
2 1 2064 2143 2145 XOR
2 1 2038 2145 2146 XOR
2 1 2144 2145 2147 AND
2 1 2143 2147 2148 XOR
2 1 2043 2148 2149 XOR
2 1 2065 2148 2150 XOR
2 1 2043 2150 2151 XOR
2 1 2149 2150 2152 AND
2 1 2148 2152 2153 XOR
2 1 2153 2066 2154 XOR
2 1 2154 2047 2155 XOR
2 1 250 165 2156 AND
2 1 251 165 2157 AND
2 1 251 165 2158 AND
2 1 251 165 2159 AND
2 1 251 165 2160 AND
2 1 251 165 2161 AND
2 1 251 165 2162 AND
2 1 251 165 2163 AND
2 1 251 165 2164 AND
2 1 251 165 2165 AND
2 1 251 165 2166 AND
2 1 251 165 2167 AND
2 1 251 165 2168 AND
2 1 251 165 2169 AND
2 1 251 165 2170 AND
2 1 251 165 2171 AND
2 1 251 165 2172 AND
2 1 251 165 2173 AND
2 1 2071 2156 2174 XOR
2 1 2071 2156 2175 AND
2 1 2076 2175 2176 XOR
2 1 2157 2175 2177 XOR
2 1 2076 2177 2178 XOR
2 1 2176 2177 2179 AND
2 1 2175 2179 2180 XOR
2 1 2081 2180 2181 XOR
2 1 2158 2180 2182 XOR
2 1 2081 2182 2183 XOR
2 1 2181 2182 2184 AND
2 1 2180 2184 2185 XOR
2 1 2086 2185 2186 XOR
2 1 2159 2185 2187 XOR
2 1 2086 2187 2188 XOR
2 1 2186 2187 2189 AND
2 1 2185 2189 2190 XOR
2 1 2091 2190 2191 XOR
2 1 2160 2190 2192 XOR
2 1 2091 2192 2193 XOR
2 1 2191 2192 2194 AND
2 1 2190 2194 2195 XOR
2 1 2096 2195 2196 XOR
2 1 2161 2195 2197 XOR
2 1 2096 2197 2198 XOR
2 1 2196 2197 2199 AND
2 1 2195 2199 2200 XOR
2 1 2101 2200 2201 XOR
2 1 2162 2200 2202 XOR
2 1 2101 2202 2203 XOR
2 1 2201 2202 2204 AND
2 1 2200 2204 2205 XOR
2 1 2106 2205 2206 XOR
2 1 2163 2205 2207 XOR
2 1 2106 2207 2208 XOR
2 1 2206 2207 2209 AND
2 1 2205 2209 2210 XOR
2 1 2111 2210 2211 XOR
2 1 2164 2210 2212 XOR
2 1 2111 2212 2213 XOR
2 1 2211 2212 2214 AND
2 1 2210 2214 2215 XOR
2 1 2116 2215 2216 XOR
2 1 2165 2215 2217 XOR
2 1 2116 2217 2218 XOR
2 1 2216 2217 2219 AND
2 1 2215 2219 2220 XOR
2 1 2121 2220 2221 XOR
2 1 2166 2220 2222 XOR
2 1 2121 2222 2223 XOR
2 1 2221 2222 2224 AND
2 1 2220 2224 2225 XOR
2 1 2126 2225 2226 XOR
2 1 2167 2225 2227 XOR
2 1 2126 2227 2228 XOR
2 1 2226 2227 2229 AND
2 1 2225 2229 2230 XOR
2 1 2131 2230 2231 XOR
2 1 2168 2230 2232 XOR
2 1 2131 2232 2233 XOR
2 1 2231 2232 2234 AND
2 1 2230 2234 2235 XOR
2 1 2136 2235 2236 XOR
2 1 2169 2235 2237 XOR
2 1 2136 2237 2238 XOR
2 1 2236 2237 2239 AND
2 1 2235 2239 2240 XOR
2 1 2141 2240 2241 XOR
2 1 2170 2240 2242 XOR
2 1 2141 2242 2243 XOR
2 1 2241 2242 2244 AND
2 1 2240 2244 2245 XOR
2 1 2146 2245 2246 XOR
2 1 2171 2245 2247 XOR
2 1 2146 2247 2248 XOR
2 1 2246 2247 2249 AND
2 1 2245 2249 2250 XOR
2 1 2151 2250 2251 XOR
2 1 2172 2250 2252 XOR
2 1 2151 2252 2253 XOR
2 1 2251 2252 2254 AND
2 1 2250 2254 2255 XOR
2 1 2255 2173 2256 XOR
2 1 2256 2155 2257 XOR
2 1 250 170 2258 AND
2 1 251 170 2259 AND
2 1 251 170 2260 AND
2 1 251 170 2261 AND
2 1 251 170 2262 AND
2 1 251 170 2263 AND
2 1 251 170 2264 AND
2 1 251 170 2265 AND
2 1 251 170 2266 AND
2 1 251 170 2267 AND
2 1 251 170 2268 AND
2 1 251 170 2269 AND
2 1 251 170 2270 AND
2 1 251 170 2271 AND
2 1 251 170 2272 AND
2 1 251 170 2273 AND
2 1 251 170 2274 AND
2 1 2178 2258 2275 XOR
2 1 2178 2258 2276 AND
2 1 2183 2276 2277 XOR
2 1 2259 2276 2278 XOR
2 1 2183 2278 2279 XOR
2 1 2277 2278 2280 AND
2 1 2276 2280 2281 XOR
2 1 2188 2281 2282 XOR
2 1 2260 2281 2283 XOR
2 1 2188 2283 2284 XOR
2 1 2282 2283 2285 AND
2 1 2281 2285 2286 XOR
2 1 2193 2286 2287 XOR
2 1 2261 2286 2288 XOR
2 1 2193 2288 2289 XOR
2 1 2287 2288 2290 AND
2 1 2286 2290 2291 XOR
2 1 2198 2291 2292 XOR
2 1 2262 2291 2293 XOR
2 1 2198 2293 2294 XOR
2 1 2292 2293 2295 AND
2 1 2291 2295 2296 XOR
2 1 2203 2296 2297 XOR
2 1 2263 2296 2298 XOR
2 1 2203 2298 2299 XOR
2 1 2297 2298 2300 AND
2 1 2296 2300 2301 XOR
2 1 2208 2301 2302 XOR
2 1 2264 2301 2303 XOR
2 1 2208 2303 2304 XOR
2 1 2302 2303 2305 AND
2 1 2301 2305 2306 XOR
2 1 2213 2306 2307 XOR
2 1 2265 2306 2308 XOR
2 1 2213 2308 2309 XOR
2 1 2307 2308 2310 AND
2 1 2306 2310 2311 XOR
2 1 2218 2311 2312 XOR
2 1 2266 2311 2313 XOR
2 1 2218 2313 2314 XOR
2 1 2312 2313 2315 AND
2 1 2311 2315 2316 XOR
2 1 2223 2316 2317 XOR
2 1 2267 2316 2318 XOR
2 1 2223 2318 2319 XOR
2 1 2317 2318 2320 AND
2 1 2316 2320 2321 XOR
2 1 2228 2321 2322 XOR
2 1 2268 2321 2323 XOR
2 1 2228 2323 2324 XOR
2 1 2322 2323 2325 AND
2 1 2321 2325 2326 XOR
2 1 2233 2326 2327 XOR
2 1 2269 2326 2328 XOR
2 1 2233 2328 2329 XOR
2 1 2327 2328 2330 AND
2 1 2326 2330 2331 XOR
2 1 2238 2331 2332 XOR
2 1 2270 2331 2333 XOR
2 1 2238 2333 2334 XOR
2 1 2332 2333 2335 AND
2 1 2331 2335 2336 XOR
2 1 2243 2336 2337 XOR
2 1 2271 2336 2338 XOR
2 1 2243 2338 2339 XOR
2 1 2337 2338 2340 AND
2 1 2336 2340 2341 XOR
2 1 2248 2341 2342 XOR
2 1 2272 2341 2343 XOR
2 1 2248 2343 2344 XOR
2 1 2342 2343 2345 AND
2 1 2341 2345 2346 XOR
2 1 2253 2346 2347 XOR
2 1 2273 2346 2348 XOR
2 1 2253 2348 2349 XOR
2 1 2347 2348 2350 AND
2 1 2346 2350 2351 XOR
2 1 2351 2274 2352 XOR
2 1 2352 2257 2353 XOR
2 1 250 175 2354 AND
2 1 251 175 2355 AND
2 1 251 175 2356 AND
2 1 251 175 2357 AND
2 1 251 175 2358 AND
2 1 251 175 2359 AND
2 1 251 175 2360 AND
2 1 251 175 2361 AND
2 1 251 175 2362 AND
2 1 251 175 2363 AND
2 1 251 175 2364 AND
2 1 251 175 2365 AND
2 1 251 175 2366 AND
2 1 251 175 2367 AND
2 1 251 175 2368 AND
2 1 251 175 2369 AND
2 1 2279 2354 2370 XOR
2 1 2279 2354 2371 AND
2 1 2284 2371 2372 XOR
2 1 2355 2371 2373 XOR
2 1 2284 2373 2374 XOR
2 1 2372 2373 2375 AND
2 1 2371 2375 2376 XOR
2 1 2289 2376 2377 XOR
2 1 2356 2376 2378 XOR
2 1 2289 2378 2379 XOR
2 1 2377 2378 2380 AND
2 1 2376 2380 2381 XOR
2 1 2294 2381 2382 XOR
2 1 2357 2381 2383 XOR
2 1 2294 2383 2384 XOR
2 1 2382 2383 2385 AND
2 1 2381 2385 2386 XOR
2 1 2299 2386 2387 XOR
2 1 2358 2386 2388 XOR
2 1 2299 2388 2389 XOR
2 1 2387 2388 2390 AND
2 1 2386 2390 2391 XOR
2 1 2304 2391 2392 XOR
2 1 2359 2391 2393 XOR
2 1 2304 2393 2394 XOR
2 1 2392 2393 2395 AND
2 1 2391 2395 2396 XOR
2 1 2309 2396 2397 XOR
2 1 2360 2396 2398 XOR
2 1 2309 2398 2399 XOR
2 1 2397 2398 2400 AND
2 1 2396 2400 2401 XOR
2 1 2314 2401 2402 XOR
2 1 2361 2401 2403 XOR
2 1 2314 2403 2404 XOR
2 1 2402 2403 2405 AND
2 1 2401 2405 2406 XOR
2 1 2319 2406 2407 XOR
2 1 2362 2406 2408 XOR
2 1 2319 2408 2409 XOR
2 1 2407 2408 2410 AND
2 1 2406 2410 2411 XOR
2 1 2324 2411 2412 XOR
2 1 2363 2411 2413 XOR
2 1 2324 2413 2414 XOR
2 1 2412 2413 2415 AND
2 1 2411 2415 2416 XOR
2 1 2329 2416 2417 XOR
2 1 2364 2416 2418 XOR
2 1 2329 2418 2419 XOR
2 1 2417 2418 2420 AND
2 1 2416 2420 2421 XOR
2 1 2334 2421 2422 XOR
2 1 2365 2421 2423 XOR
2 1 2334 2423 2424 XOR
2 1 2422 2423 2425 AND
2 1 2421 2425 2426 XOR
2 1 2339 2426 2427 XOR
2 1 2366 2426 2428 XOR
2 1 2339 2428 2429 XOR
2 1 2427 2428 2430 AND
2 1 2426 2430 2431 XOR
2 1 2344 2431 2432 XOR
2 1 2367 2431 2433 XOR
2 1 2344 2433 2434 XOR
2 1 2432 2433 2435 AND
2 1 2431 2435 2436 XOR
2 1 2349 2436 2437 XOR
2 1 2368 2436 2438 XOR
2 1 2349 2438 2439 XOR
2 1 2437 2438 2440 AND
2 1 2436 2440 2441 XOR
2 1 2441 2369 2442 XOR
2 1 2442 2353 2443 XOR
2 1 250 180 2444 AND
2 1 251 180 2445 AND
2 1 251 180 2446 AND
2 1 251 180 2447 AND
2 1 251 180 2448 AND
2 1 251 180 2449 AND
2 1 251 180 2450 AND
2 1 251 180 2451 AND
2 1 251 180 2452 AND
2 1 251 180 2453 AND
2 1 251 180 2454 AND
2 1 251 180 2455 AND
2 1 251 180 2456 AND
2 1 251 180 2457 AND
2 1 251 180 2458 AND
2 1 2374 2444 2459 XOR
2 1 2374 2444 2460 AND
2 1 2379 2460 2461 XOR
2 1 2445 2460 2462 XOR
2 1 2379 2462 2463 XOR
2 1 2461 2462 2464 AND
2 1 2460 2464 2465 XOR
2 1 2384 2465 2466 XOR
2 1 2446 2465 2467 XOR
2 1 2384 2467 2468 XOR
2 1 2466 2467 2469 AND
2 1 2465 2469 2470 XOR
2 1 2389 2470 2471 XOR
2 1 2447 2470 2472 XOR
2 1 2389 2472 2473 XOR
2 1 2471 2472 2474 AND
2 1 2470 2474 2475 XOR
2 1 2394 2475 2476 XOR
2 1 2448 2475 2477 XOR
2 1 2394 2477 2478 XOR
2 1 2476 2477 2479 AND
2 1 2475 2479 2480 XOR
2 1 2399 2480 2481 XOR
2 1 2449 2480 2482 XOR
2 1 2399 2482 2483 XOR
2 1 2481 2482 2484 AND
2 1 2480 2484 2485 XOR
2 1 2404 2485 2486 XOR
2 1 2450 2485 2487 XOR
2 1 2404 2487 2488 XOR
2 1 2486 2487 2489 AND
2 1 2485 2489 2490 XOR
2 1 2409 2490 2491 XOR
2 1 2451 2490 2492 XOR
2 1 2409 2492 2493 XOR
2 1 2491 2492 2494 AND
2 1 2490 2494 2495 XOR
2 1 2414 2495 2496 XOR
2 1 2452 2495 2497 XOR
2 1 2414 2497 2498 XOR
2 1 2496 2497 2499 AND
2 1 2495 2499 2500 XOR
2 1 2419 2500 2501 XOR
2 1 2453 2500 2502 XOR
2 1 2419 2502 2503 XOR
2 1 2501 2502 2504 AND
2 1 2500 2504 2505 XOR
2 1 2424 2505 2506 XOR
2 1 2454 2505 2507 XOR
2 1 2424 2507 2508 XOR
2 1 2506 2507 2509 AND
2 1 2505 2509 2510 XOR
2 1 2429 2510 2511 XOR
2 1 2455 2510 2512 XOR
2 1 2429 2512 2513 XOR
2 1 2511 2512 2514 AND
2 1 2510 2514 2515 XOR
2 1 2434 2515 2516 XOR
2 1 2456 2515 2517 XOR
2 1 2434 2517 2518 XOR
2 1 2516 2517 2519 AND
2 1 2515 2519 2520 XOR
2 1 2439 2520 2521 XOR
2 1 2457 2520 2522 XOR
2 1 2439 2522 2523 XOR
2 1 2521 2522 2524 AND
2 1 2520 2524 2525 XOR
2 1 2525 2458 2526 XOR
2 1 2526 2443 2527 XOR
2 1 250 185 2528 AND
2 1 251 185 2529 AND
2 1 251 185 2530 AND
2 1 251 185 2531 AND
2 1 251 185 2532 AND
2 1 251 185 2533 AND
2 1 251 185 2534 AND
2 1 251 185 2535 AND
2 1 251 185 2536 AND
2 1 251 185 2537 AND
2 1 251 185 2538 AND
2 1 251 185 2539 AND
2 1 251 185 2540 AND
2 1 251 185 2541 AND
2 1 2463 2528 2542 XOR
2 1 2463 2528 2543 AND
2 1 2468 2543 2544 XOR
2 1 2529 2543 2545 XOR
2 1 2468 2545 2546 XOR
2 1 2544 2545 2547 AND
2 1 2543 2547 2548 XOR
2 1 2473 2548 2549 XOR
2 1 2530 2548 2550 XOR
2 1 2473 2550 2551 XOR
2 1 2549 2550 2552 AND
2 1 2548 2552 2553 XOR
2 1 2478 2553 2554 XOR
2 1 2531 2553 2555 XOR
2 1 2478 2555 2556 XOR
2 1 2554 2555 2557 AND
2 1 2553 2557 2558 XOR
2 1 2483 2558 2559 XOR
2 1 2532 2558 2560 XOR
2 1 2483 2560 2561 XOR
2 1 2559 2560 2562 AND
2 1 2558 2562 2563 XOR
2 1 2488 2563 2564 XOR
2 1 2533 2563 2565 XOR
2 1 2488 2565 2566 XOR
2 1 2564 2565 2567 AND
2 1 2563 2567 2568 XOR
2 1 2493 2568 2569 XOR
2 1 2534 2568 2570 XOR
2 1 2493 2570 2571 XOR
2 1 2569 2570 2572 AND
2 1 2568 2572 2573 XOR
2 1 2498 2573 2574 XOR
2 1 2535 2573 2575 XOR
2 1 2498 2575 2576 XOR
2 1 2574 2575 2577 AND
2 1 2573 2577 2578 XOR
2 1 2503 2578 2579 XOR
2 1 2536 2578 2580 XOR
2 1 2503 2580 2581 XOR
2 1 2579 2580 2582 AND
2 1 2578 2582 2583 XOR
2 1 2508 2583 2584 XOR
2 1 2537 2583 2585 XOR
2 1 2508 2585 2586 XOR
2 1 2584 2585 2587 AND
2 1 2583 2587 2588 XOR
2 1 2513 2588 2589 XOR
2 1 2538 2588 2590 XOR
2 1 2513 2590 2591 XOR
2 1 2589 2590 2592 AND
2 1 2588 2592 2593 XOR
2 1 2518 2593 2594 XOR
2 1 2539 2593 2595 XOR
2 1 2518 2595 2596 XOR
2 1 2594 2595 2597 AND
2 1 2593 2597 2598 XOR
2 1 2523 2598 2599 XOR
2 1 2540 2598 2600 XOR
2 1 2523 2600 2601 XOR
2 1 2599 2600 2602 AND
2 1 2598 2602 2603 XOR
2 1 2603 2541 2604 XOR
2 1 2604 2527 2605 XOR
2 1 250 190 2606 AND
2 1 251 190 2607 AND
2 1 251 190 2608 AND
2 1 251 190 2609 AND
2 1 251 190 2610 AND
2 1 251 190 2611 AND
2 1 251 190 2612 AND
2 1 251 190 2613 AND
2 1 251 190 2614 AND
2 1 251 190 2615 AND
2 1 251 190 2616 AND
2 1 251 190 2617 AND
2 1 251 190 2618 AND
2 1 2546 2606 2619 XOR
2 1 2546 2606 2620 AND
2 1 2551 2620 2621 XOR
2 1 2607 2620 2622 XOR
2 1 2551 2622 2623 XOR
2 1 2621 2622 2624 AND
2 1 2620 2624 2625 XOR
2 1 2556 2625 2626 XOR
2 1 2608 2625 2627 XOR
2 1 2556 2627 2628 XOR
2 1 2626 2627 2629 AND
2 1 2625 2629 2630 XOR
2 1 2561 2630 2631 XOR
2 1 2609 2630 2632 XOR
2 1 2561 2632 2633 XOR
2 1 2631 2632 2634 AND
2 1 2630 2634 2635 XOR
2 1 2566 2635 2636 XOR
2 1 2610 2635 2637 XOR
2 1 2566 2637 2638 XOR
2 1 2636 2637 2639 AND
2 1 2635 2639 2640 XOR
2 1 2571 2640 2641 XOR
2 1 2611 2640 2642 XOR
2 1 2571 2642 2643 XOR
2 1 2641 2642 2644 AND
2 1 2640 2644 2645 XOR
2 1 2576 2645 2646 XOR
2 1 2612 2645 2647 XOR
2 1 2576 2647 2648 XOR
2 1 2646 2647 2649 AND
2 1 2645 2649 2650 XOR
2 1 2581 2650 2651 XOR
2 1 2613 2650 2652 XOR
2 1 2581 2652 2653 XOR
2 1 2651 2652 2654 AND
2 1 2650 2654 2655 XOR
2 1 2586 2655 2656 XOR
2 1 2614 2655 2657 XOR
2 1 2586 2657 2658 XOR
2 1 2656 2657 2659 AND
2 1 2655 2659 2660 XOR
2 1 2591 2660 2661 XOR
2 1 2615 2660 2662 XOR
2 1 2591 2662 2663 XOR
2 1 2661 2662 2664 AND
2 1 2660 2664 2665 XOR
2 1 2596 2665 2666 XOR
2 1 2616 2665 2667 XOR
2 1 2596 2667 2668 XOR
2 1 2666 2667 2669 AND
2 1 2665 2669 2670 XOR
2 1 2601 2670 2671 XOR
2 1 2617 2670 2672 XOR
2 1 2601 2672 2673 XOR
2 1 2671 2672 2674 AND
2 1 2670 2674 2675 XOR
2 1 2675 2618 2676 XOR
2 1 2676 2605 2677 XOR
2 1 250 195 2678 AND
2 1 251 195 2679 AND
2 1 251 195 2680 AND
2 1 251 195 2681 AND
2 1 251 195 2682 AND
2 1 251 195 2683 AND
2 1 251 195 2684 AND
2 1 251 195 2685 AND
2 1 251 195 2686 AND
2 1 251 195 2687 AND
2 1 251 195 2688 AND
2 1 251 195 2689 AND
2 1 2623 2678 2690 XOR
2 1 2623 2678 2691 AND
2 1 2628 2691 2692 XOR
2 1 2679 2691 2693 XOR
2 1 2628 2693 2694 XOR
2 1 2692 2693 2695 AND
2 1 2691 2695 2696 XOR
2 1 2633 2696 2697 XOR
2 1 2680 2696 2698 XOR
2 1 2633 2698 2699 XOR
2 1 2697 2698 2700 AND
2 1 2696 2700 2701 XOR
2 1 2638 2701 2702 XOR
2 1 2681 2701 2703 XOR
2 1 2638 2703 2704 XOR
2 1 2702 2703 2705 AND
2 1 2701 2705 2706 XOR
2 1 2643 2706 2707 XOR
2 1 2682 2706 2708 XOR
2 1 2643 2708 2709 XOR
2 1 2707 2708 2710 AND
2 1 2706 2710 2711 XOR
2 1 2648 2711 2712 XOR
2 1 2683 2711 2713 XOR
2 1 2648 2713 2714 XOR
2 1 2712 2713 2715 AND
2 1 2711 2715 2716 XOR
2 1 2653 2716 2717 XOR
2 1 2684 2716 2718 XOR
2 1 2653 2718 2719 XOR
2 1 2717 2718 2720 AND
2 1 2716 2720 2721 XOR
2 1 2658 2721 2722 XOR
2 1 2685 2721 2723 XOR
2 1 2658 2723 2724 XOR
2 1 2722 2723 2725 AND
2 1 2721 2725 2726 XOR
2 1 2663 2726 2727 XOR
2 1 2686 2726 2728 XOR
2 1 2663 2728 2729 XOR
2 1 2727 2728 2730 AND
2 1 2726 2730 2731 XOR
2 1 2668 2731 2732 XOR
2 1 2687 2731 2733 XOR
2 1 2668 2733 2734 XOR
2 1 2732 2733 2735 AND
2 1 2731 2735 2736 XOR
2 1 2673 2736 2737 XOR
2 1 2688 2736 2738 XOR
2 1 2673 2738 2739 XOR
2 1 2737 2738 2740 AND
2 1 2736 2740 2741 XOR
2 1 2741 2689 2742 XOR
2 1 2742 2677 2743 XOR
2 1 250 200 2744 AND
2 1 251 200 2745 AND
2 1 251 200 2746 AND
2 1 251 200 2747 AND
2 1 251 200 2748 AND
2 1 251 200 2749 AND
2 1 251 200 2750 AND
2 1 251 200 2751 AND
2 1 251 200 2752 AND
2 1 251 200 2753 AND
2 1 251 200 2754 AND
2 1 2694 2744 2755 XOR
2 1 2694 2744 2756 AND
2 1 2699 2756 2757 XOR
2 1 2745 2756 2758 XOR
2 1 2699 2758 2759 XOR
2 1 2757 2758 2760 AND
2 1 2756 2760 2761 XOR
2 1 2704 2761 2762 XOR
2 1 2746 2761 2763 XOR
2 1 2704 2763 2764 XOR
2 1 2762 2763 2765 AND
2 1 2761 2765 2766 XOR
2 1 2709 2766 2767 XOR
2 1 2747 2766 2768 XOR
2 1 2709 2768 2769 XOR
2 1 2767 2768 2770 AND
2 1 2766 2770 2771 XOR
2 1 2714 2771 2772 XOR
2 1 2748 2771 2773 XOR
2 1 2714 2773 2774 XOR
2 1 2772 2773 2775 AND
2 1 2771 2775 2776 XOR
2 1 2719 2776 2777 XOR
2 1 2749 2776 2778 XOR
2 1 2719 2778 2779 XOR
2 1 2777 2778 2780 AND
2 1 2776 2780 2781 XOR
2 1 2724 2781 2782 XOR
2 1 2750 2781 2783 XOR
2 1 2724 2783 2784 XOR
2 1 2782 2783 2785 AND
2 1 2781 2785 2786 XOR
2 1 2729 2786 2787 XOR
2 1 2751 2786 2788 XOR
2 1 2729 2788 2789 XOR
2 1 2787 2788 2790 AND
2 1 2786 2790 2791 XOR
2 1 2734 2791 2792 XOR
2 1 2752 2791 2793 XOR
2 1 2734 2793 2794 XOR
2 1 2792 2793 2795 AND
2 1 2791 2795 2796 XOR
2 1 2739 2796 2797 XOR
2 1 2753 2796 2798 XOR
2 1 2739 2798 2799 XOR
2 1 2797 2798 2800 AND
2 1 2796 2800 2801 XOR
2 1 2801 2754 2802 XOR
2 1 2802 2743 2803 XOR
2 1 250 205 2804 AND
2 1 251 205 2805 AND
2 1 251 205 2806 AND
2 1 251 205 2807 AND
2 1 251 205 2808 AND
2 1 251 205 2809 AND
2 1 251 205 2810 AND
2 1 251 205 2811 AND
2 1 251 205 2812 AND
2 1 251 205 2813 AND
2 1 2759 2804 2814 XOR
2 1 2759 2804 2815 AND
2 1 2764 2815 2816 XOR
2 1 2805 2815 2817 XOR
2 1 2764 2817 2818 XOR
2 1 2816 2817 2819 AND
2 1 2815 2819 2820 XOR
2 1 2769 2820 2821 XOR
2 1 2806 2820 2822 XOR
2 1 2769 2822 2823 XOR
2 1 2821 2822 2824 AND
2 1 2820 2824 2825 XOR
2 1 2774 2825 2826 XOR
2 1 2807 2825 2827 XOR
2 1 2774 2827 2828 XOR
2 1 2826 2827 2829 AND
2 1 2825 2829 2830 XOR
2 1 2779 2830 2831 XOR
2 1 2808 2830 2832 XOR
2 1 2779 2832 2833 XOR
2 1 2831 2832 2834 AND
2 1 2830 2834 2835 XOR
2 1 2784 2835 2836 XOR
2 1 2809 2835 2837 XOR
2 1 2784 2837 2838 XOR
2 1 2836 2837 2839 AND
2 1 2835 2839 2840 XOR
2 1 2789 2840 2841 XOR
2 1 2810 2840 2842 XOR
2 1 2789 2842 2843 XOR
2 1 2841 2842 2844 AND
2 1 2840 2844 2845 XOR
2 1 2794 2845 2846 XOR
2 1 2811 2845 2847 XOR
2 1 2794 2847 2848 XOR
2 1 2846 2847 2849 AND
2 1 2845 2849 2850 XOR
2 1 2799 2850 2851 XOR
2 1 2812 2850 2852 XOR
2 1 2799 2852 2853 XOR
2 1 2851 2852 2854 AND
2 1 2850 2854 2855 XOR
2 1 2855 2813 2856 XOR
2 1 2856 2803 2857 XOR
2 1 250 210 2858 AND
2 1 251 210 2859 AND
2 1 251 210 2860 AND
2 1 251 210 2861 AND
2 1 251 210 2862 AND
2 1 251 210 2863 AND
2 1 251 210 2864 AND
2 1 251 210 2865 AND
2 1 251 210 2866 AND
2 1 2818 2858 2867 XOR
2 1 2818 2858 2868 AND
2 1 2823 2868 2869 XOR
2 1 2859 2868 2870 XOR
2 1 2823 2870 2871 XOR
2 1 2869 2870 2872 AND
2 1 2868 2872 2873 XOR
2 1 2828 2873 2874 XOR
2 1 2860 2873 2875 XOR
2 1 2828 2875 2876 XOR
2 1 2874 2875 2877 AND
2 1 2873 2877 2878 XOR
2 1 2833 2878 2879 XOR
2 1 2861 2878 2880 XOR
2 1 2833 2880 2881 XOR
2 1 2879 2880 2882 AND
2 1 2878 2882 2883 XOR
2 1 2838 2883 2884 XOR
2 1 2862 2883 2885 XOR
2 1 2838 2885 2886 XOR
2 1 2884 2885 2887 AND
2 1 2883 2887 2888 XOR
2 1 2843 2888 2889 XOR
2 1 2863 2888 2890 XOR
2 1 2843 2890 2891 XOR
2 1 2889 2890 2892 AND
2 1 2888 2892 2893 XOR
2 1 2848 2893 2894 XOR
2 1 2864 2893 2895 XOR
2 1 2848 2895 2896 XOR
2 1 2894 2895 2897 AND
2 1 2893 2897 2898 XOR
2 1 2853 2898 2899 XOR
2 1 2865 2898 2900 XOR
2 1 2853 2900 2901 XOR
2 1 2899 2900 2902 AND
2 1 2898 2902 2903 XOR
2 1 2903 2866 2904 XOR
2 1 2904 2857 2905 XOR
2 1 250 215 2906 AND
2 1 251 215 2907 AND
2 1 251 215 2908 AND
2 1 251 215 2909 AND
2 1 251 215 2910 AND
2 1 251 215 2911 AND
2 1 251 215 2912 AND
2 1 251 215 2913 AND
2 1 2871 2906 2914 XOR
2 1 2871 2906 2915 AND
2 1 2876 2915 2916 XOR
2 1 2907 2915 2917 XOR
2 1 2876 2917 2918 XOR
2 1 2916 2917 2919 AND
2 1 2915 2919 2920 XOR
2 1 2881 2920 2921 XOR
2 1 2908 2920 2922 XOR
2 1 2881 2922 2923 XOR
2 1 2921 2922 2924 AND
2 1 2920 2924 2925 XOR
2 1 2886 2925 2926 XOR
2 1 2909 2925 2927 XOR
2 1 2886 2927 2928 XOR
2 1 2926 2927 2929 AND
2 1 2925 2929 2930 XOR
2 1 2891 2930 2931 XOR
2 1 2910 2930 2932 XOR
2 1 2891 2932 2933 XOR
2 1 2931 2932 2934 AND
2 1 2930 2934 2935 XOR
2 1 2896 2935 2936 XOR
2 1 2911 2935 2937 XOR
2 1 2896 2937 2938 XOR
2 1 2936 2937 2939 AND
2 1 2935 2939 2940 XOR
2 1 2901 2940 2941 XOR
2 1 2912 2940 2942 XOR
2 1 2901 2942 2943 XOR
2 1 2941 2942 2944 AND
2 1 2940 2944 2945 XOR
2 1 2945 2913 2946 XOR
2 1 2946 2905 2947 XOR
2 1 250 220 2948 AND
2 1 251 220 2949 AND
2 1 251 220 2950 AND
2 1 251 220 2951 AND
2 1 251 220 2952 AND
2 1 251 220 2953 AND
2 1 251 220 2954 AND
2 1 2918 2948 2955 XOR
2 1 2918 2948 2956 AND
2 1 2923 2956 2957 XOR
2 1 2949 2956 2958 XOR
2 1 2923 2958 2959 XOR
2 1 2957 2958 2960 AND
2 1 2956 2960 2961 XOR
2 1 2928 2961 2962 XOR
2 1 2950 2961 2963 XOR
2 1 2928 2963 2964 XOR
2 1 2962 2963 2965 AND
2 1 2961 2965 2966 XOR
2 1 2933 2966 2967 XOR
2 1 2951 2966 2968 XOR
2 1 2933 2968 2969 XOR
2 1 2967 2968 2970 AND
2 1 2966 2970 2971 XOR
2 1 2938 2971 2972 XOR
2 1 2952 2971 2973 XOR
2 1 2938 2973 2974 XOR
2 1 2972 2973 2975 AND
2 1 2971 2975 2976 XOR
2 1 2943 2976 2977 XOR
2 1 2953 2976 2978 XOR
2 1 2943 2978 2979 XOR
2 1 2977 2978 2980 AND
2 1 2976 2980 2981 XOR
2 1 2981 2954 2982 XOR
2 1 2982 2947 2983 XOR
2 1 250 225 2984 AND
2 1 251 225 2985 AND
2 1 251 225 2986 AND
2 1 251 225 2987 AND
2 1 251 225 2988 AND
2 1 251 225 2989 AND
2 1 2959 2984 2990 XOR
2 1 2959 2984 2991 AND
2 1 2964 2991 2992 XOR
2 1 2985 2991 2993 XOR
2 1 2964 2993 2994 XOR
2 1 2992 2993 2995 AND
2 1 2991 2995 2996 XOR
2 1 2969 2996 2997 XOR
2 1 2986 2996 2998 XOR
2 1 2969 2998 2999 XOR
2 1 2997 2998 3000 AND
2 1 2996 3000 3001 XOR
2 1 2974 3001 3002 XOR
2 1 2987 3001 3003 XOR
2 1 2974 3003 3004 XOR
2 1 3002 3003 3005 AND
2 1 3001 3005 3006 XOR
2 1 2979 3006 3007 XOR
2 1 2988 3006 3008 XOR
2 1 2979 3008 3009 XOR
2 1 3007 3008 3010 AND
2 1 3006 3010 3011 XOR
2 1 3011 2989 3012 XOR
2 1 3012 2983 3013 XOR
2 1 250 230 3014 AND
2 1 251 230 3015 AND
2 1 251 230 3016 AND
2 1 251 230 3017 AND
2 1 251 230 3018 AND
2 1 2994 3014 3019 XOR
2 1 2994 3014 3020 AND
2 1 2999 3020 3021 XOR
2 1 3015 3020 3022 XOR
2 1 2999 3022 3023 XOR
2 1 3021 3022 3024 AND
2 1 3020 3024 3025 XOR
2 1 3004 3025 3026 XOR
2 1 3016 3025 3027 XOR
2 1 3004 3027 3028 XOR
2 1 3026 3027 3029 AND
2 1 3025 3029 3030 XOR
2 1 3009 3030 3031 XOR
2 1 3017 3030 3032 XOR
2 1 3009 3032 3033 XOR
2 1 3031 3032 3034 AND
2 1 3030 3034 3035 XOR
2 1 3035 3018 3036 XOR
2 1 3036 3013 3037 XOR
2 1 250 235 3038 AND
2 1 251 235 3039 AND
2 1 251 235 3040 AND
2 1 251 235 3041 AND
2 1 3023 3038 3042 XOR
2 1 3023 3038 3043 AND
2 1 3028 3043 3044 XOR
2 1 3039 3043 3045 XOR
2 1 3028 3045 3046 XOR
2 1 3044 3045 3047 AND
2 1 3043 3047 3048 XOR
2 1 3033 3048 3049 XOR
2 1 3040 3048 3050 XOR
2 1 3033 3050 3051 XOR
2 1 3049 3050 3052 AND
2 1 3048 3052 3053 XOR
2 1 3053 3041 3054 XOR
2 1 3054 3037 3055 XOR
2 1 250 240 3056 AND
2 1 251 240 3057 AND
2 1 251 240 3058 AND
2 1 3046 3056 3059 XOR
2 1 3046 3056 3060 AND
2 1 3051 3060 3061 XOR
2 1 3057 3060 3062 XOR
2 1 3051 3062 3063 XOR
2 1 3061 3062 3064 AND
2 1 3060 3064 3065 XOR
2 1 3065 3058 3066 XOR
2 1 3066 3055 3067 XOR
2 1 250 245 3068 AND
2 1 251 245 3069 AND
2 1 3063 3068 3070 XOR
2 1 3063 3068 3071 AND
2 1 3071 3069 3072 XOR
2 1 3072 3067 3073 XOR
2 1 250 249 3074 AND
2 1 3074 3073 3075 XOR
2 1 252 32 3076 XOR
2 1 3076 32 3077 AND
2 1 315 33 3078 XOR
2 1 3077 33 3079 XOR
2 1 3078 3077 3080 XOR
2 1 3078 3079 3081 AND
2 1 3077 3081 3082 XOR
2 1 494 34 3083 XOR
2 1 3082 34 3084 XOR
2 1 3083 3082 3085 XOR
2 1 3083 3084 3086 AND
2 1 3082 3086 3087 XOR
2 1 667 35 3088 XOR
2 1 3087 35 3089 XOR
2 1 3088 3087 3090 XOR
2 1 3088 3089 3091 AND
2 1 3087 3091 3092 XOR
2 1 834 36 3093 XOR
2 1 3092 36 3094 XOR
2 1 3093 3092 3095 XOR
2 1 3093 3094 3096 AND
2 1 3092 3096 3097 XOR
2 1 995 37 3098 XOR
2 1 3097 37 3099 XOR
2 1 3098 3097 3100 XOR
2 1 3098 3099 3101 AND
2 1 3097 3101 3102 XOR
2 1 1150 38 3103 XOR
2 1 3102 38 3104 XOR
2 1 3103 3102 3105 XOR
2 1 3103 3104 3106 AND
2 1 3102 3106 3107 XOR
2 1 1299 39 3108 XOR
2 1 3107 39 3109 XOR
2 1 3108 3107 3110 XOR
2 1 3108 3109 3111 AND
2 1 3107 3111 3112 XOR
2 1 1442 40 3113 XOR
2 1 3112 40 3114 XOR
2 1 3113 3112 3115 XOR
2 1 3113 3114 3116 AND
2 1 3112 3116 3117 XOR
2 1 1579 41 3118 XOR
2 1 3117 41 3119 XOR
2 1 3118 3117 3120 XOR
2 1 3118 3119 3121 AND
2 1 3117 3121 3122 XOR
2 1 1710 42 3123 XOR
2 1 3122 42 3124 XOR
2 1 3123 3122 3125 XOR
2 1 3123 3124 3126 AND
2 1 3122 3126 3127 XOR
2 1 1835 43 3128 XOR
2 1 3127 43 3129 XOR
2 1 3128 3127 3130 XOR
2 1 3128 3129 3131 AND
2 1 3127 3131 3132 XOR
2 1 1954 44 3133 XOR
2 1 3132 44 3134 XOR
2 1 3133 3132 3135 XOR
2 1 3133 3134 3136 AND
2 1 3132 3136 3137 XOR
2 1 2067 45 3138 XOR
2 1 3137 45 3139 XOR
2 1 3138 3137 3140 XOR
2 1 3138 3139 3141 AND
2 1 3137 3141 3142 XOR
2 1 2174 46 3143 XOR
2 1 3142 46 3144 XOR
2 1 3143 3142 3145 XOR
2 1 3143 3144 3146 AND
2 1 3142 3146 3147 XOR
2 1 2275 47 3148 XOR
2 1 3147 47 3149 XOR
2 1 3148 3147 3150 XOR
2 1 3148 3149 3151 AND
2 1 3147 3151 3152 XOR
2 1 2370 48 3153 XOR
2 1 3152 48 3154 XOR
2 1 3153 3152 3155 XOR
2 1 3153 3154 3156 AND
2 1 3152 3156 3157 XOR
2 1 2459 49 3158 XOR
2 1 3157 49 3159 XOR
2 1 3158 3157 3160 XOR
2 1 3158 3159 3161 AND
2 1 3157 3161 3162 XOR
2 1 2542 50 3163 XOR
2 1 3162 50 3164 XOR
2 1 3163 3162 3165 XOR
2 1 3163 3164 3166 AND
2 1 3162 3166 3167 XOR
2 1 2619 51 3168 XOR
2 1 3167 51 3169 XOR
2 1 3168 3167 3170 XOR
2 1 3168 3169 3171 AND
2 1 3167 3171 3172 XOR
2 1 2690 52 3173 XOR
2 1 3172 52 3174 XOR
2 1 3173 3172 3175 XOR
2 1 3173 3174 3176 AND
2 1 3172 3176 3177 XOR
2 1 2755 53 3178 XOR
2 1 3177 53 3179 XOR
2 1 3178 3177 3180 XOR
2 1 3178 3179 3181 AND
2 1 3177 3181 3182 XOR
2 1 2814 54 3183 XOR
2 1 3182 54 3184 XOR
2 1 3183 3182 3185 XOR
2 1 3183 3184 3186 AND
2 1 3182 3186 3187 XOR
2 1 2867 55 3188 XOR
2 1 3187 55 3189 XOR
2 1 3188 3187 3190 XOR
2 1 3188 3189 3191 AND
2 1 3187 3191 3192 XOR
2 1 2914 56 3193 XOR
2 1 3192 56 3194 XOR
2 1 3193 3192 3195 XOR
2 1 3193 3194 3196 AND
2 1 3192 3196 3197 XOR
2 1 2955 57 3198 XOR
2 1 3197 57 3199 XOR
2 1 3198 3197 3200 XOR
2 1 3198 3199 3201 AND
2 1 3197 3201 3202 XOR
2 1 2990 58 3203 XOR
2 1 3202 58 3204 XOR
2 1 3203 3202 3205 XOR
2 1 3203 3204 3206 AND
2 1 3202 3206 3207 XOR
2 1 3019 59 3208 XOR
2 1 3207 59 3209 XOR
2 1 3208 3207 3210 XOR
2 1 3208 3209 3211 AND
2 1 3207 3211 3212 XOR
2 1 3042 60 3213 XOR
2 1 3212 60 3214 XOR
2 1 3213 3212 3215 XOR
2 1 3213 3214 3216 AND
2 1 3212 3216 3217 XOR
2 1 3059 61 3218 XOR
2 1 3217 61 3219 XOR
2 1 3218 3217 3220 XOR
2 1 3218 3219 3221 AND
2 1 3217 3221 3222 XOR
2 1 3070 62 3223 XOR
2 1 3222 62 3224 XOR
2 1 3223 3222 3225 XOR
2 1 3223 3224 3226 AND
2 1 3222 3226 3227 XOR
2 1 3075 63 3228 XOR
2 1 3228 3227 3229 XOR
2 1 0 0 3230 XOR
2 1 3230 3076 3231 XOR
2 1 3230 3080 3232 XOR
2 1 3230 3085 3233 XOR
2 1 3230 3090 3234 XOR
2 1 3230 3095 3235 XOR
2 1 3230 3100 3236 XOR
2 1 3230 3105 3237 XOR
2 1 3230 3110 3238 XOR
2 1 3230 3115 3239 XOR
2 1 3230 3120 3240 XOR
2 1 3230 3125 3241 XOR
2 1 3230 3130 3242 XOR
2 1 3230 3135 3243 XOR
2 1 3230 3140 3244 XOR
2 1 3230 3145 3245 XOR
2 1 3230 3150 3246 XOR
2 1 3230 3155 3247 XOR
2 1 3230 3160 3248 XOR
2 1 3230 3165 3249 XOR
2 1 3230 3170 3250 XOR
2 1 3230 3175 3251 XOR
2 1 3230 3180 3252 XOR
2 1 3230 3185 3253 XOR
2 1 3230 3190 3254 XOR
2 1 3230 3195 3255 XOR
2 1 3230 3200 3256 XOR
2 1 3230 3205 3257 XOR
2 1 3230 3210 3258 XOR
2 1 3230 3215 3259 XOR
2 1 3230 3220 3260 XOR
2 1 3230 3225 3261 XOR
2 1 3230 3229 3262 XOR
